453,776,672,827,648,927,429,876,bat nghi thu ngo
719,824,850,827,849,855,718,852,Lê Thị Nguyệt
758,720,798,720,798,745,758,745,LII
679,675,882,676,882,703,679,701,(Ký và ghi rõ họ, tên)
436,677,627,677,627,700,436,700,(Ký và ghi rõ họ, tên)
719,645,842,648,841,671,718,668,Bác sĩ khám
476,648,588,648,588,671,476,671,Người bệnh
299,648,382,648,382,671,299,671,Thủ kho
124,641,206,644,205,672,122,669,Kế toán
648,623,910,623,910,645,648,645,Ngày 14 tháng 10 năm 2021
76,587,560,585,560,612,76,613,Lưu ý: Khám lại khi thấy bất thường và khi hết thuốc
78,555,255,557,255,584,78,581,Cộng khoản: 2 loại
150,528,616,529,616,552,150,551,Thuống 2 viên xen kẽ 3 viên / ngày , chiều thuy nghiện
856,515,900,515,900,540,856,540,150
744,513,794,517,792,541,743,537,Viên
108,516,124,516,124,539,108,539,2
151,503,638,504,638,527,151,525,Hytinon - 500mg (Hydroxyurea (Hydroxycarbamid) )
151,480,442,483,442,504,151,501,uống 1 gói/ ngày ung 8h sáng
749,465,790,465,790,489,749,489,Gói
109,468,127,468,127,488,109,488,1
860,464,895,464,895,491,860,491,30
153,452,436,455,436,480,153,477,Aspirin 100 - 100mg (Aspirin)
324,416,544,420,544,447,323,443,Tên thuốc - Cách dùng
742,417,795,417,795,441,742,441,ĐVT
832,413,924,418,922,446,830,441,Số lượng
88,415,139,411,141,442,90,446,STT
82,372,307,373,307,400,82,399,Phòng: Phòng khám 311
85,339,484,343,484,369,84,365,Chần đoán: D75.2 - Tăng tiểu cầu tiền phát /
83,311,757,309,757,340,83,341,Địa chỉ: Thôn 2, Quảng Đức, Quảng Xương, Tỉnh Thanh Hóa, Việt Nam
86,284,393,285,393,308,86,307,Số thẻ BHYT: HT3382705008713
560,284,800,283,801,305,561,307,Nơi ĐK KCB BĐ: 38220
209,256,356,256,356,279,209,279,Bảo Hiểm Y Tế
86,253,220,258,219,282,86,277,Đối tượng:
679,255,866,255,866,277,679,277,SĐT: 0949 147 694
87,225,290,225,290,252,87,252,Họ tên: lê thị mậy
678,221,768,221,768,249,678,249,Tuổi: 61
776,181,927,184,927,215,776,212,KKB.43293
326,184,687,181,687,213,326,216,ĐƠN THUỐC BẢO HIẾM
657,147,874,147,874,169,657,169,Kho:110-Kho Ngoại trú
415,144,604,144,604,165,415,165,Mà hồ sơ: 2110140033
35,109,357,79,367,180,45,210,10 DADING RY
658,112,797,115,796,138,657,135,Số: 211001972
69,103,335,68,342,113,75,148,BUCKETONINH
659,85,843,85,843,107,659,107,Mã BN:2101008898
21,73,380,40,383,73,24,105,BỆNH VIỆN ĐA KHOA TỈNH THANH HÓA
862,27,956,27,956,89,862,89,UISF
