665,954,836,959,835,991,664,986,Trần Quang Mạnh
757,917,775,917,775,935,757,935,O
429,881,633,871,637,946,433,956,Đó Ba Dur
728,849,836,859,831,912,723,903,Muh
431,847,502,847,502,881,431,881,pre
643,793,857,798,856,826,642,821,(Ký và ghi rõ họ, tên)
380,793,584,793,584,820,380,820,(Ký và ghi rõ họ, tên)
684,764,814,767,814,790,683,787,Bác sĩ khám
423,763,543,763,543,789,423,789,Người bệnh
231,760,322,763,321,787,230,784,Thủ kho
46,759,131,759,131,787,46,787,Kế toán
607,733,891,737,890,764,607,760,Ngày 14 tháng 10 năm 2021
3,697,514,697,514,724,3,724,Lưu ý: Khám lại khi thấy bất thường và khi chuốc.
1,665,185,665,185,692,1,692,Cộng khoản: 3 loại
73,632,401,636,401,663,72,659,Ngày uống 01 viên trước ăn sáng
712,621,764,621,764,647,712,647,Viên
840,620,874,620,874,649,840,649,60
29,623,46,623,46,644,29,644,3
79,609,593,609,593,632,79,632,Gliclada 60mg modified - release tablets (Gliclazid)
79,585,241,585,241,607,79,607,Ngày 1 viên 20h
48,576,55,576,55,583,48,583,1
712,569,764,569,764,593,712,593,Viên
33,571,50,571,50,592,33,592,2
839,567,873,567,873,595,839,595,60
76,555,461,557,461,584,76,581,Fasthan 20mg (Pravastatin natri 20mg)
82,533,376,533,376,556,82,556,Ngày uống 1 viên sau ăn chiều
712,514,764,518,762,543,710,539,Viên
35,520,52,520,52,537,35,537,1
838,512,873,515,871,543,835,540,60
82,505,492,507,492,529,82,528,BETICAPC 750 SR - 750mg (Metformin)
265,465,497,469,496,498,264,493,Tên thuốc - Cách dùng
20,469,70,469,70,493,20,493,STT
708,467,766,467,766,491,708,491,ĐVT
804,458,907,463,906,495,803,490,Số lượng
12,421,248,423,248,449,12,448,Phòng: Phòng khám 337
124,396,851,389,851,424,124,431,hóa lipoprotein và tình trạng tăng lipid máu khác;M47 - thoái hóa cột sống/
11,371,868,360,869,395,11,405,Chấn đoán: Ell - Bệnh đái tháo đường không phụ thuộc insuline / E78 - Rối loạn chuyền
16,344,866,331,866,360,17,373,Địa chỉ: Lô 76, MB 1636, Phú Sơn, Thành phố Thanh Hóa, Tỉnh Thanh Hóa, Việt Nam
18,316,338,311,338,333,18,339,Số thẻ BHYT: TK4380104037338
518,309,772,304,772,327,519,332,Nơi ĐK KCB BĐ: 38280
20,288,127,288,127,311,20,311,Đối tượng:
147,281,300,278,300,305,148,308,Bảo Hiểm Y Tế
639,274,845,269,846,296,640,300,SĐT: 0913 096 266
17,256,221,248,223,276,19,284,Họ tên: ĐỖ BÁ ĐỨC
642,240,736,240,736,268,642,268,Tuổi: 43
268,210,648,198,649,230,269,242,ĐƠN THUỐC BẢO HIẾM
749,196,914,196,914,228,749,228,KKB.43265
15,168,306,162,307,193,15,199,TRO9. ĐÀ ĐANG KY
357,164,560,158,561,184,358,190,Mà hồ sơ: 2110140047
618,156,855,153,855,180,618,183,Kho:110-Kho Ngoại trú
36,151,290,140,291,162,37,174,BỆNH VIỆN ĐA KHOA TINH
619,124,769,121,769,145,619,148,Số: 211001935
31,115,298,108,299,138,32,146,PHÒNG HAN THA AN
619,92,819,86,820,109,620,115,Mã BN:2110016025
5,76,351,70,352,103,6,108,BINH VIỆN ĐA KHOA TỈNH THANH HÓA
491,19,609,0,619,51,500,71,JVUO
