433,956,707,956,707,1048,433,1048,Phúng Viên Đong
703,924,890,927,890,955,703,952,Nguyễn Trùng Dũng
552,920,563,920,563,941,552,941,1
508,857,591,881,573,940,491,917,Đong
477,811,564,811,564,861,477,861,Chou
691,771,894,771,894,793,691,793,(Ký và ghi rõ họ, tên)
432,767,632,767,632,793,432,793,(Ký và ghi rõ họ, tên)
729,739,868,739,868,760,729,760,Bác sĩ khám
283,737,373,737,373,760,283,760,Thủ kho
470,735,589,732,590,760,470,763,Người bệnh
98,732,185,732,185,764,98,764,Kế toán
653,708,927,708,927,735,653,735,Ngày 13 tháng 10 năm 2021
50,675,560,671,560,699,50,703,Lưu ý: Khám lại khi thấy bất thường và khi hết thuốc
54,643,239,643,239,669,54,669,Cộng khoản: 3 loại
134,616,233,616,233,635,134,635,1 viên 20h
752,600,803,600,803,624,752,624,Viên
875,599,908,599,908,625,875,625,30
83,599,104,599,104,625,83,625,3
136,588,508,588,508,611,136,611,Lipanthyl 200M - 200mg (Fenofibrate)
138,564,278,564,278,585,138,585,2 viên trước ăn
751,548,801,548,801,572,751,572,Viên
873,547,905,547,905,573,873,573,60
84,548,106,548,106,576,84,576,2
137,535,463,537,463,560,137,557,Diamicron MR 60mg (Gliclazide)
137,512,343,512,343,533,137,533,22 viên chia sáng chiều th
136,487,346,487,346,508,136,508,arginine+Amlodipine)
749,484,800,484,800,508,749,508,Viên
869,483,903,483,903,509,869,509,60
92,487,104,487,104,500,92,500,1
138,460,560,460,560,483,138,483,Coveram 5mg/5mg - 5mg; 5mg (Perindopril)
17,453,33,453,33,475,17,475,2
14,431,36,431,36,455,14,455,ai
315,418,542,423,542,450,314,445,Tên thuốc - Cách dùng
747,421,801,421,801,445,747,445,ĐVT
837,415,933,422,931,450,835,443,Số lượng
73,420,122,420,122,445,73,445,STT
13,400,35,400,35,428,13,428,C
65,373,298,375,298,401,65,400,Phòng: Phòng khám 201
178,349,474,351,474,379,178,377,tiết niệu, vị trí không xác định /
181,324,932,324,932,351,181,351,Tháp;K75 - Bệnh viêm gan khác; 11 1 thống phong),N39.0 - Nhiễm khuần hệ
2,320,38,320,38,347,2,347,Phò
177,297,864,297,864,328,177,328,hóa lipoprotein và tình trạng tăng lipid máu khác;110 - Bệnh lý tăng huyết
68,271,895,271,895,301,68,301,Chấn đoán Đại - Bệnh đái tháo đường không phụ thuộc insuline /E78 - Rối loạn chuyển
162,243,918,243,918,268,162,268,SN 17/23 Phan Bội Châu, Ba Đình, Thành Hóa, Tỉnh Thanh Hóa, Việt Nam
69,247,163,244,163,265,69,268,Địa chỉ:
13,241,40,241,40,265,13,265,TẾ
564,216,805,216,805,237,564,237,Nơi ĐK KCB BĐ: 38280
72,213,387,213,387,236,72,236,Số thẻ BHYT: HC4382796009741
71,185,171,188,171,211,70,208,Đối tượng:
680,184,763,184,763,211,680,211,SĐT: 0
203,185,350,185,350,208,203,208,Bảo Hiểm Y Tế
69,153,363,152,364,183,69,184,Họ tên: NGUYỄN ĐÌNH SƠN
680,153,773,153,773,181,680,181,Tuổi: 56
780,114,934,117,933,146,779,143,KKB.43256
316,113,690,109,691,145,316,149,ĐƠN THUỐC BẢO HIẾM
120,97,403,81,405,115,122,131,13. ĐÃ ĐĂNG KÝ
658,79,882,79,882,101,658,101,Kho:110-Kho Ngoại trú
410,79,602,77,602,96,410,97,Mã hồ sơ: 2110130096
659,45,801,45,801,68,659,68,Số: 211001930
67,51,387,41,388,72,68,82,BỆNH VIỆN KHOA KÌNH A1
657,16,847,13,848,36,657,39,Mã BN:2108007073
79,22,430,9,431,36,80,48,BỆ VII VIÊN THÀNH HÓA
