1396,1543,1627,1553,1625,1601,1394,1591,Lê Thị Dung
781,1459,1121,1426,1133,1538,792,1571,Porterly
862,1328,1034,1328,1034,1419,862,1419,fluys
181,1312,298,1312,298,1467,181,1467,g
1310,1251,1705,1251,1705,1293,1310,1293,(Ký và ghi rõ họ, tên)
805,1251,1201,1251,1201,1296,805,1296,(Ký và ghi rõ họ, tên)
1386,1187,1629,1187,1629,1232,1386,1232,Bác sĩ khám
882,1184,1119,1184,1119,1237,882,1237,Người bệnh
508,1184,691,1184,691,1237,508,1237,Thủ kho
152,1178,320,1185,318,1241,150,1234,Kế toán
1242,1133,1762,1133,1762,1179,1242,1179,Ngày 15 tháng 10 năm 2021
50,1067,1058,1056,1059,1109,50,1120,Lưu ý: Khám lại khi thấy bất thường và khốốc
52,1000,421,1000,421,1053,52,1053,Cộng khoản: 1 loại
205,939,731,933,732,986,206,992,1 viên/ngày, uống đúng giờ
121,925,137,925,137,947,121,947,I
1432,906,1534,913,1531,964,1429,956,Viên
1667,909,1735,909,1735,963,1667,963,30
216,888,917,888,917,933,216,933,Tenfovix- 00mg (Tenofovir (TDF))
1611,804,1791,820,1786,876,1605,860,Số lượng
1430,813,1539,813,1539,861,1430,861,ĐVT
563,805,1024,814,1023,867,562,858,Tên thuốc - Cách dùng
77,811,175,811,175,861,77,861,stt
63,723,530,723,530,768,63,768,Phòng: Phòng khám 329
58,648,1645,656,1645,709,58,701,Chẩn đoàn: B18.1 - Viêm gan virus B mạn, không có đồng nhiễm viêm gan virus D
53,587,1443,595,1443,648,52,640,Địa chỉ: Thôn Tam Hòa, Hòa Lộc, Hậu Lộc, Tỉnh Thanh Hóa, Việt Nam
1062,536,1542,541,1541,587,1061,581,Nơi ĐK KCB BĐ: 38496
55,525,715,531,715,576,55,571,Số thẻ BHYT: GD4383815023547
1294,480,1675,486,1675,531,1293,525,SĐT: 0356333 195
320,472,631,472,631,515,320,515,Bảo Hiểm Y Tế
58,469,342,469,342,515,58,515,Đối tượng:
1297,415,1474,422,1472,470,1296,463,Tuổi: 31
55,405,631,405,631,459,55,459,Họ tên: PHẠM THỊ HUYỀN
1494,343,1790,353,1789,406,1492,397,KKB.43391
566,317,1316,328,1314,398,565,386,ĐƠN THUỐC BẢO HIẾM
1253,258,1687,272,1685,318,1252,304,Kho:110-Kho Ngoại trú
928,253,1138,256,1138,291,928,288,22110120089
826,253,929,259,927,289,824,282,HỒ SƠ:
748,251,797,251,797,280,748,280,Mã
140,224,729,232,728,304,139,296,10.ĐÃ ĐĂNG KY
1251,194,1531,206,1529,251,1249,239,Số: 211002074
290,203,432,203,432,221,290,221,DANN
52,192,167,192,167,224,52,224,BENH
1251,133,1619,147,1617,195,1249,181,Mã BN:2110013954
90,114,686,142,683,206,87,178,SỞ PHOTH NGUY
65,50,795,75,793,137,63,111,BỆNH VIỆN ĐÁ KHOA TÍNH THANH HÓA
