342,963,659,960,660,1057,343,1060,Nghi tri Tinh
667,972,782,975,781,1003,667,1000,Lê Thị Xuân
53,871,102,871,102,908,53,908,MT
395,845,556,845,556,972,395,972,Ths
622,814,825,820,824,847,622,841,(Ký và ghi rõ họ, tên)
370,812,567,816,567,843,369,838,(Ký và ghi rõ họ, tên)
662,785,787,790,786,812,661,808,Bác sĩ khám
410,780,527,783,526,811,409,808,Người bệnh
225,781,316,781,316,808,225,808,Thủ kho
46,774,131,778,130,810,45,806,Kế toán
588,756,858,760,857,787,588,783,Ngày 14 tháng 10 năm 2021
0,719,499,719,499,745,0,745,Lưu ý: Khám lại khi thấy bất thường và khi hết thuốc.
2,684,183,687,182,713,1,711,Cộng khoản: 3 loại
78,657,132,657,132,681,78,681,lv 8h
810,648,843,648,843,675,810,675,60
690,645,738,649,736,674,688,670,Viên
31,644,49,644,49,667,31,667,3
79,629,303,631,303,655,79,653,Zondoril 10 (Enalapril)
83,607,140,607,140,629,83,629,1 8 8 th
810,597,843,597,843,624,810,624,60
687,597,738,597,738,621,687,621,Viên
34,593,50,593,50,619,34,619,2
81,579,431,580,431,608,80,607,Vaspycar MR - 35mg (Trimetazidin)
82,553,165,556,164,579,82,576,1v2 v 8h
687,533,738,533,738,557,687,557,Viên
809,532,843,532,843,560,809,560,30
86,533,215,533,215,552,86,552,spironolacton)
40,532,52,532,52,547,40,547,1
82,501,529,504,529,531,82,528,Savispirono-Plus - 20mg (Furosemid +
779,466,873,473,871,501,777,494,Số lượng
685,469,742,469,742,497,685,497,ĐVT
260,465,484,471,484,499,259,493,Tên thuốc - Cách dùng
20,464,72,464,72,493,20,493,STT
15,421,244,421,244,448,15,448,Phòng: Phòng khám 219
126,399,631,401,631,428,125,425,áp;120 - Cơn đau thắt ngực / Cơn đau thắt ngực ổn định
14,369,841,371,841,403,14,401,Chấn đoán: 150 - Suy tim /D68 - Các bất thường đông máu khác; 110 - Bệnh lý tăng huyết
15,340,761,344,761,375,15,371,Địa chỉ: TK Nga Lộ 1, Thị trấn Nga Sơn, Nga Sơn, Tỉnh Thanh Hóa, Việt Nam
504,317,746,316,746,339,505,340,Nơi ĐK KCB BĐ: 38502
19,313,330,316,330,339,19,336,Số thẻ BHYT: BT2383822729520
19,284,149,287,148,310,19,307,Đối tượng:
620,284,818,281,818,308,621,311,SĐT: 0912 171 623
147,285,293,285,293,308,147,308,Bảo Hiểm Y Tế
623,253,715,253,715,280,623,280,Tuổi: 53
18,248,338,252,338,284,18,280,Họ tên: NGUYỄN HỮU TRỌNG
263,213,631,211,631,245,263,248,ĐƠN THUỐC BẢO HIÊM
724,211,881,211,881,241,724,241,KKB.43274
356,175,544,175,544,196,356,196,Ngày mà hồ sơ: 2110140073
603,171,828,171,828,197,603,197,Kho:110-Kho Ngoại trú
17,148,288,151,288,172,16,169,BỆNH VIỆN ĐÁ KHOA TINH
604,141,746,141,746,164,604,164,Số: 211001954
30,109,328,107,329,143,30,145,1 SỐ Y TẾ THANH NGHING KÝ
601,111,793,108,794,131,602,133,Mã BN:2101019924
52,60,315,64,315,95,52,91,PHÒNG TCKT: A1
428,29,548,29,548,77,428,77,36UT
17,21,370,27,369,62,16,56,BỆNH VIỆN ĐA KHOA TÍNH THANH HÓA
125,9,308,7,308,29,126,32,Xa nhà khu ky
