1299,1893,1514,1903,1511,1956,1297,1947,Đào Thị Nga
711,1825,921,1789,933,1856,723,1892,Agrist
1224,1627,1584,1627,1584,1673,1224,1673,(Ký và ghi rõ họ, tên)
763,1622,1131,1616,1131,1670,764,1676,(Ký và ghi rõ họ, tên)
1293,1563,1513,1569,1512,1614,1292,1608,Bác sĩ khám
507,1569,668,1569,668,1614,507,1614,Thủ kho
838,1560,1055,1566,1054,1623,836,1616,Người bệnh
188,1561,332,1561,332,1609,188,1609,Kế toán
1164,1521,1641,1521,1641,1566,1164,1566,Ngày 15 tháng 10 năm 2021
100,1457,1000,1451,1000,1505,100,1510,Lưu ý: Khám lại khi thấy bất thường và khi hết thuốc
111,1401,433,1401,433,1446,111,1446,Cộng khoản: 3 loại
234,1345,743,1336,744,1392,235,1401,ngay uống 2 viên, sang- chiều
242,1299,523,1299,523,1342,242,1342,Methocarbamol)
1554,1299,1614,1299,1614,1345,1554,1345,20
1341,1297,1434,1297,1434,1345,1341,1345,Viên
160,1299,193,1299,193,1337,160,1337,3
245,1254,1030,1254,1030,1297,245,1297,Parcamol-F-325mg 4400mg (Paracetamol +
242,1209,747,1209,747,1251,242,1251,ngày uống 2 viên, sau ăn sáng
1554,1185,1611,1185,1611,1227,1554,1227,20
1343,1175,1436,1186,1430,1234,1337,1223,Viên
160,1187,196,1187,196,1227,160,1227,2
245,1163,818,1163,818,1206,245,1206,OTD xicam - 7,5mg (Meloxicam)
245,1118,613,1118,613,1161,245,1161,ngay uống l viên, tối
1551,1089,1614,1089,1614,1142,1551,1142,30
1341,1089,1434,1089,1434,1137,1341,1137,Viên
160,1094,196,1094,196,1131,160,1131,1
245,1070,785,1070,785,1113,245,1113,Ausvair 75-75mg (Pregabalin)
562,992,971,1001,970,1054,561,1046,Tên thuốc - Cách dùng
1502,994,1667,1007,1663,1055,1498,1042,Số lượng
1336,1003,1431,1003,1431,1043,1336,1043,ĐVT
128,998,218,998,218,1046,128,1046,STT
106,910,534,918,533,972,105,963,Phòng: Phòng khám 333
310,867,1213,870,1213,923,310,921,thần kinh trong bệnh đĩa đệm cột sống (M50-M517)
108,819,1614,819,1614,870,108,870,Chần đoán: MS1 - Các bệnh đĩa đệm gian đốt sống khác//G55.1? - Chèn ép rễ và đám rối
103,766,1614,766,1614,817,103,817,Địa chỉ: Phan Bội Châu 1, Tân Sơn, Thành phố Thanh Hóa, Tỉnh Thanh Hóa, Việt Nam
1008,715,1448,715,1448,758,1008,758,Nơi ĐK KCB BĐ: 38280
103,710,689,713,689,758,103,755,Số thẻ BHYT: CK2383820074763
1221,657,1573,659,1573,705,1221,702,SĐT: 0904 831 919
103,659,357,659,357,705,103,705,Đối tượng:
332,657,615,654,616,699,332,702,Bảo Hiểm Y Tế
1221,601,1388,601,1388,646,1221,646,Tuổi: 71
100,601,657,601,657,646,100,646,Họ tên: nguyễn văn hùng
1411,523,1691,535,1689,591,1409,579,KKB.43398
556,521,1243,521,1243,582,556,582,ĐƠN THUỐC BẢO HIẾM
1186,443,1595,452,1594,502,1185,494,Kho:110-Kho Ngoại trú
720,438,1085,444,1084,489,719,483,Mà hồ sơ: 2110150289
76,393,596,390,597,435,76,438,BỆNH VIỆN ĐÃ KHOA TỈNH
1186,384,1448,390,1447,436,1185,430,Số: 211002081
119,374,163,374,163,393,119,393,FL
1184,326,1538,332,1537,377,1183,371,Mã BN:2101014625
121,324,663,309,666,389,124,404,SỞ Y THẾ THANH NGHY
118,258,624,226,628,280,122,311,PHÒNG TCKT- A1
50,194,725,152,729,205,54,247,BỆNH VIỆN ĐA KHOA TỈNH THANH HÓA
131,50,669,90,664,152,126,111,BỆNH VIÊN ĐA KHOA TỈ TI TH
