331,1112,959,1141,956,1227,327,1197,Chiến Phân Tháng BSCKI Nguyễn Tiến D
461,1004,521,1029,498,1083,438,1057,Jool
693,946,903,952,902,979,692,973,(Ký và ghi rõ họ, tên)
389,937,591,944,590,972,388,965,(Ký và ghi rõ họ, tên)
704,913,892,920,891,947,703,940,Bác sĩ khám bệnh
435,908,544,908,544,935,435,935,Bệnh nhân
224,901,315,904,314,931,223,928,Thủ kho
33,893,118,898,116,930,31,925,Kế toán
651,882,930,888,930,915,650,909,Ngày 14 tháng 10 năm 2021
0,832,287,837,286,864,0,859,thi khám lại mang theo đơn này.
0,801,497,809,496,837,0,829,thi dặn (Chế độ ăn uống và chế độ sinh hoạt làm việc):
37,776,143,776,143,799,37,799,+ mm//ml
685,769,826,769,826,800,685,800,ngày giỏ 5 lần
619,771,646,771,646,793,619,793,01
510,767,543,767,543,795,510,795,Lọ
4,765,14,765,14,779,4,779,S
36,747,447,753,447,779,35,772,Tobradex - 3mg/1ml + 1mg/1ml - 3mg/lml
44,724,218,724,218,745,44,745,lmg/mL - mm//LL
686,719,824,719,824,745,686,745,ngày giỏ 5 lần
618,717,646,717,646,740,618,740,01
510,716,544,716,544,743,510,743,Lọ
5,713,14,713,14,724,5,724,4
40,696,416,700,416,723,39,719,Tearbalance ophthalmic solution 0.1% - 19
683,673,825,673,825,700,683,700,ngày giỏ 5 lần
618,673,646,673,646,695,618,695,05
511,673,544,673,544,697,511,697,Lọ
32,663,334,668,334,691,31,685,Natri clorid 0,9% 0,9%; 10ml
4,668,18,668,18,681,4,681,3
10,627,179,629,178,653,9,651,Phòng khám 317
683,611,750,611,750,633,683,633,sau ăn
618,592,649,592,649,619,618,619,20
503,592,552,592,552,616,503,616,Viên
44,582,344,588,343,615,43,609,Ciprofloxacin - 500mg - 500mg
7,585,23,585,23,605,7,605,2
682,577,940,580,939,611,682,608,Uống ngày 2 viên, chia 2,
683,551,716,551,716,577,683,577,tối
616,540,649,540,649,567,616,567,30
505,540,552,540,552,564,505,564,Viên
48,532,362,540,361,563,48,554,Alsiful S.R. Tablets 10mg - 10mg
14,537,25,537,25,552,14,552,1
685,531,941,531,941,553,685,553,Ngày uông 1 viên - sau ăn
18,492,184,492,184,515,18,515,Phòng khám 102
766,457,884,462,883,488,765,484,Cách dùng
616,460,652,460,652,485,616,485,SL
502,460,555,460,555,484,502,484,ĐVT
142,453,374,459,373,486,142,480,Tên thuốc - Hàm lượng
7,453,42,453,42,479,7,479,TT
472,413,774,412,775,444,472,445,Lý do xuất: Xuất BH ngoại trú
2,409,131,414,130,442,1,437,Thuốc điều trị:
108,386,303,391,302,414,108,409,+ H01.0-Viêm bờ mi
102,361,445,361,445,388,102,388,Sói mật/ N40-Tăng sản tuyến tiền liệt
100,332,959,331,959,365,100,367,phụ thuộc insuline/ H01.0-Viêm bờ mi/K73-Viêm gan măn, không phân loại nơi khác/ K80
3,304,953,304,953,339,3,339,Chấn đoán: + N39.0-Nhiễm khuần hệ tiết niệu, vị trí không xác định/ E11-Bệnh đái tháo đường không
5,283,311,280,311,303,6,305,Số thẻ BHYT:HT2383820284046
477,280,714,277,715,300,477,303,Nơi ĐK KCB BĐ: 38280
4,249,706,244,706,275,4,280,Địa chỉ: Tổ 12, Đông Vệ, Thành phố Thanh Hóa, Tỉnh Thanh Hóa, Việt Nam
5,224,298,216,299,244,6,252,Đối tượng KCB:Bảo Hiểm Y Tế
583,215,736,212,737,239,584,242,Số điện thoại: 0
7,191,291,185,292,216,7,222,Họ tên: NGUYỄN XUÂN TỌA
588,185,728,185,728,208,588,208,Giới tính:Nam
762,183,914,183,914,205,762,205,Năm sinh: 1942
380,146,568,138,569,170,381,178,ĐƠN THUỐC
738,144,780,144,780,164,738,164,STT:
792,136,957,136,957,167,792,167,KKB.43284
27,116,340,108,341,142,28,151,08. ĐÃ ĐĂNG KÝ
363,109,579,104,580,127,363,132,Mà hồ sơ: 2110140080
624,89,864,87,865,113,625,116,Kho: 110-Kho Ngoại trú
7,88,287,80,288,105,7,114,BỆNH VIỆN ĐA KHOA TÍNH
628,60,774,57,775,80,629,83,Số: 211001963
45,56,264,48,265,73,46,82,SỞ Y TẾ THÀNH HÓA
624,28,831,24,832,49,625,54,Mã BN: 2106015394
12,34,377,20,378,50,13,64,BỆNH VIỆN ĐẠ KHOA TÍNH HÓA NHƯ
