732,987,855,987,855,1013,732,1013,Lê Thị Xuân
373,903,644,887,648,955,378,971,Nguyễn Thu lung
461,845,553,839,556,894,465,900,liệu
26,819,145,819,145,920,26,920,Yo
684,817,902,822,901,850,683,845,(Ký và ghi rõ họ, tên)
413,815,625,815,625,845,413,845,(Ký và ghi rõ họ, tên)
724,788,859,791,859,814,724,811,Bác sĩ khám
457,784,581,784,581,811,457,811,Người bệnh
261,782,355,786,354,810,260,806,Thủ kho
71,779,160,779,160,811,71,811,Kế toán
645,757,934,759,934,787,645,785,Ngày 14 tháng 10 năm 2021
25,719,551,719,551,745,25,745,Lưu ý: Khám lại khi thấy bất thường và khi hết thuốc.
29,685,217,685,217,712,29,712,Cộng khoản: 3 loại
106,655,237,655,237,677,106,677,18 hi vinh
880,643,914,643,914,671,880,671,60
751,643,803,643,803,668,751,668,Viên
57,640,78,640,78,667,57,667,3
108,627,634,629,634,652,108,649,Vastarel MR - 35mg (Trimetazidine dihydrochloride)
110,601,177,601,177,624,110,624,lv 20h
751,586,804,590,802,615,749,611,Viên
877,588,912,588,912,615,877,615,30
60,585,80,585,80,615,60,615,2
106,572,499,573,499,600,106,599,Lipanthyl 200M - 200mg (Fenofibrate)
109,548,168,548,168,571,109,571,8h lv
108,521,327,523,327,545,108,544,arginine+Amlodipine)
750,518,802,522,801,547,748,543,Viên
875,520,911,520,911,547,875,547,30
64,521,80,521,80,541,64,541,1
111,489,552,491,552,521,110,520,Coveram 5mg/5mg - 5mg; 5mg (Perindopril
745,455,805,455,805,483,745,483,ĐVT
296,450,532,456,531,484,296,478,Tên thuốc - Cách dùng
843,449,943,455,941,487,841,481,Số lượng
48,453,98,453,98,479,48,479,STT
38,405,280,407,279,433,38,432,Phòng: Phòng khám 219
154,380,856,379,856,409,154,411,tăng lipid máu khác;120 - Cơn đau thắt ngực / cơn đau thắt ngực ổn định
38,347,941,351,941,385,38,381,Chần đoán: 110 - Bệnh lý tăng huyết áp//E78 - Rối loạn chuyển hóa lipoprotein và tình trạng
44,324,745,324,745,349,44,349,Địa chỉ: Đông Sơn, Thành phố Thanh Hóa, Tỉnh Thanh Hóa, Việt Nam
45,293,370,293,370,316,45,316,Số thẻ BHYT: CK2383820235471
554,293,811,291,811,313,554,316,Nơi ĐK KCB BĐ: 38280
46,265,172,265,172,288,46,288,Đối tượng:
174,260,332,257,333,284,175,287,Bảo Hiểm Y Tế
678,259,766,259,766,285,678,285,SĐT: 0
42,229,335,225,336,256,43,260,Họ tên: NGUYỄN THỊ LIỆU
678,225,776,225,776,253,678,253,Tuổi: 72
789,185,944,188,943,215,788,212,KKB.43287
84,160,695,178,693,231,83,213,09. ĐÃ ĐĂNG ƠN THUỐC BẢO HIẾM
655,141,892,143,892,169,654,168,Kho:110-Kho Ngoại trú
395,147,594,144,595,161,396,164,Mã hồ sơ: 2110140071
39,121,368,119,368,149,40,152,BỆNH YIN ĐA KHOA TÍNH A1
655,106,809,109,808,136,654,133,Số: 211001965
53,88,403,85,404,117,53,120,BỆSỞ Y LỆ THANH HỚAH THANH HÓA
656,80,855,80,855,101,656,101,Mã BN:2110016044
536,14,721,0,724,17,539,35,Mã BN:2101012290
