1321,1815,1531,1815,1531,1852,1321,1852,Lê Thị Xuân
685,1773,1107,1720,1121,1821,698,1874,011190000001
904,1660,948,1617,980,1649,937,1692,ee
1229,1524,1610,1524,1610,1569,1229,1569,(Ký và ghi rõ họ, tên)
754,1524,1128,1524,1128,1567,754,1567,(Ký và ghi rõ họ, tên)
1305,1468,1537,1468,1537,1505,1305,1505,Bác sĩ khám
476,1463,642,1463,642,1508,476,1508,Thủ kho
822,1460,1050,1454,1052,1510,823,1516,Người bệnh
143,1457,299,1457,299,1513,143,1513,Kế toán
1163,1409,1670,1409,1670,1463,1163,1463,Ngày 15 tháng 10 năm 2021
50,1348,996,1337,997,1390,51,1402,Lưu ý: Khám lại khi thấy bất thường và khi hết thuốc.
58,1289,394,1287,394,1332,59,1335,Cộng khoản: 3 loại
195,1231,437,1225,438,1273,196,1279,ngày xịt 1 lần
198,1183,1057,1183,1057,1225,198,1225,mcg (Budesonid+Formoterol fumarate dihydrate)
113,1159,146,1159,146,1196,113,1196,3
1570,1151,1632,1151,1632,1204,1570,1204,01
1353,1143,1441,1155,1434,1206,1346,1194,Ống
200,1132,1223,1132,1223,1175,200,1175,Budesonid 160mcg; Formoterol fumarate dihydrate 4,5
198,1081,1155,1079,1155,1124,198,1127,Symbicort Turbuhaler - Mỗi liều phóng thích chứa:
206,1039,432,1039,432,1076,206,1076,88 1 1 1 16
209,993,582,993,582,1028,209,1028,akali aspartat anhydrat)
1346,988,1436,988,1436,1028,1346,1028,Viên
1564,983,1627,983,1627,1036,1564,1036,50
116,988,151,988,151,1031,116,1031,2
206,940,1261,940,1261,985,206,985,PANANGIN - 140mg 1 88mg (Magnesi aspartat anhydrat+
209,892,301,892,301,932,209,932,lv 8h
198,841,667,844,667,889,198,887,hydroclorothiazid 12,5mg)
1335,841,1436,841,1436,889,1335,889,Viên
119,847,154,847,154,884,119,884,1
1556,839,1621,839,1621,892,1556,892,30
201,785,1114,793,1114,844,200,836,Lisiplus HCT 10/12,5 (Lisinopril (dihydrat) 10mg + 1
1499,717,1675,731,1670,784,1495,771,Số lượng
1332,727,1433,727,1433,775,1332,775,ĐVT
532,713,956,724,955,780,530,769,Tên thuốc - Cách dùng
89,719,181,719,181,769,89,769,STT
67,633,506,636,506,689,67,687,Phòng: Phòng khám 219
277,593,1461,596,1460,649,277,647,nghên mãn tính đợt cấp, không phân loại / cơn đau thắt ngực ổn định
70,540,1600,548,1599,601,69,593,Chấn đoán: 110 - Bệnh lý tăng huyết áp 11993 - Ngoại tâm thu thất, 144.1 - Bệnh phổi tắc thu nhiều
72,487,1308,495,1308,545,72,537,Địa chỉ: Đông Vệ, Thành phố Thanh Hóa, Tỉnh Thanh Hóa, Việt Nam
986,449,1436,449,1436,492,986,492,Nơi ĐK KCB BĐ: 38280
75,436,667,439,667,484,75,481,Số thẻ BHYT: HT2383820254318
1204,393,1559,393,1559,439,1204,439,SĐT: 0975 806 286
313,377,599,383,598,428,312,422,Bảo Hiểm Y Tế
76,377,316,386,314,431,74,422,Đối tượng:
1200,331,1371,338,1369,386,1198,379,Tuổi: 82
73,318,640,324,639,380,72,375,Họ tên: NGUYỄN TUẤN HẢO
1382,260,1671,266,1670,322,1381,316,KKB.43335
536,257,1221,263,1220,319,536,313,ĐƠN THUỐC BẢO HIẾM
1155,188,1567,191,1567,244,1155,241,Kho:110-Kho Ngoại trú
1027,204,1049,204,1049,220,1027,220,37
871,199,997,199,997,217,871,217,2110150
680,185,822,185,822,223,680,223,Mà hồ s
148,186,676,169,678,233,150,250,07.ĐÃ ĐĂNG KÝ
1158,132,1423,138,1422,183,1157,177,Số: 211002018
64,114,505,102,506,158,65,170,BỆNH VHONG KHI KHO
509,94,638,107,634,144,505,131,TAL
1155,79,1507,81,1507,127,1155,124,Mã BN:2101018554
77,50,736,27,738,89,79,111,BỆNH VIỆN ĐA KHOA TỈNH THANH HÓA
