721,984,833,984,833,1011,721,1011,Lê Thị Xuân
377,954,539,946,543,1018,381,1027,Kquyên d
507,942,666,935,669,1008,511,1016,ISHOG
453,855,580,855,580,939,453,939,Clit
675,827,877,829,877,856,675,853,(Ký và ghi rõ họ, tên)
426,824,623,827,623,853,425,851,(Ký và ghi rõ họ, tên)
714,796,837,799,837,822,713,818,Bác sĩ khám
464,793,580,793,580,820,464,820,Người bệnh
281,796,367,796,367,819,281,819,Thủ kho
100,793,183,793,183,821,100,821,Kế toán
641,768,908,768,908,795,641,795,Ngày 14 tháng 10 năm 2021
49,732,552,731,552,757,49,759,Lưu ý: Khám lại khi thấy bất thường và khi hết thuốc
53,703,235,703,235,725,53,725,Cộng khoản: 4 loại
129,669,186,672,184,695,128,692,lv 8h
859,660,890,660,890,687,859,687,30
740,657,790,661,788,686,739,682,Viên
83,659,101,659,101,680,83,680,4
131,644,483,644,483,671,131,671,Vaspycar MR - 35mg (Trimetazidin)
131,621,226,621,226,644,131,644,01 V 20H
738,611,788,611,788,635,738,635,Viên
858,609,889,609,889,637,858,637,30
82,605,102,605,102,632,82,632,3
131,592,385,596,384,623,131,619,Rabepagi 10 (Rabeprazol)
135,568,194,571,193,594,133,590,1v8h
736,560,788,560,788,584,736,584,Viên
856,559,889,559,889,585,856,585,30
85,555,105,555,105,583,85,583,2
132,543,601,545,601,572,132,569,Limoren - 75mg + 100mg (Clopidogrel + Aspirin)
136,518,208,522,206,546,135,542,1v20h
856,509,888,509,888,536,856,536,30
738,506,789,510,787,535,736,531,Viên
89,507,106,507,106,527,89,527,1
137,495,502,499,502,521,136,517,Fasthan 20mg (Pravastatin natri 20mg)
735,463,788,463,788,487,735,487,ĐVT
311,457,535,463,534,491,311,485,Tên thuốc - Cách dùng
824,455,920,462,917,494,822,487,Số lượng
74,457,123,457,123,483,74,483,STT
66,410,298,418,297,446,65,438,Phòng: Phòng khám 219
175,391,877,389,877,420,175,421,ngực;K21 - Bệnh trào ngược dạ dày - thực quản / Cơn đau thắt ngực ổn định
179,367,880,367,880,393,179,393,tình trạng tăng lipid máu khác;110 - Bệnh lý tăng huyết áp;120 - Cơn đau thắt
67,336,912,340,912,371,67,367,Chấn đoán: 125 - Bệnh tim thiếu máu cục bộ mạn / E78 - Rối loạn chuyển hóa lipoprotein và
70,311,670,316,669,343,69,337,Địa chỉ: Trường Giang, Nông Cống, Tỉnh Thanh Hóa, Việt Nam
555,287,792,287,792,308,555,308,Nơi ĐK KCB BĐ: 38583
73,281,387,287,387,309,72,304,Số thẻ BHYT: GD4383822987350
670,256,859,256,859,279,670,279,SĐT: 0977 908 431
198,255,348,256,348,279,198,277,Bảo Hiểm Y Tế
73,252,193,259,191,282,72,274,Đối tượng:
669,221,761,224,760,252,668,249,Tuổi: 55
73,221,334,225,334,252,72,248,Họ tên: nguyễn nho sỸ
768,185,921,188,920,219,768,216,KKB.43282
316,189,679,184,679,215,317,220,ĐƠN THUỐC BẢO HIẾM
648,145,866,151,866,174,648,168,Kho:110-Kho Ngoại trú
552,149,592,149,592,163,552,163,10148
146,138,494,146,493,176,146,169,08.ĐA DANG MÀ HOA
70,121,340,124,339,145,69,143,BỆNH VIỆN ĐA KHOA TÍNH
649,114,788,117,788,140,649,137,Số: 211001961
106,85,416,94,415,120,105,112,SỞ Y TẾ THÀNH HỚACKT - ANH
648,85,835,88,834,109,648,107,Mã BN:2110016102
115,50,486,56,485,92,114,86,BỆNH VIỆ: 1 ĐÀ KHOA TỈNH THANH HÓA
