662,980,778,983,777,1010,661,1006,Lê Thị Xuân
331,917,454,927,449,992,326,983,Joang
524,913,634,913,634,965,524,965,Sien
457,909,537,909,537,968,457,968,Ch:
515,872,526,872,526,883,515,883,1
335,846,557,833,562,914,340,927,lemps
617,822,822,827,822,854,616,849,(Ký và ghi rõ họ, tên)
364,819,563,821,563,849,364,847,(Kỷ và ghi rõ họ, tên)
658,793,783,798,782,820,657,816,Bác sĩ khám
404,788,521,788,521,816,404,816,Người bệnh
220,789,308,792,308,815,219,812,Thủ kho
40,785,123,785,123,813,40,813,Kế toán
581,764,854,768,853,795,581,791,Ngày 14 tháng 10 năm 2021
0,728,495,727,495,753,0,755,Lưu ý: Khám lại khi thấy bất thường và khuốc.
3,696,176,696,176,723,3,723,Cộng khoản: 3 loại
68,669,196,669,196,688,68,688,1188 1 88 1 18 18
685,657,732,657,732,681,685,681,Viên
806,656,840,656,840,684,806,684,60
22,653,40,653,40,675,22,675,3
68,639,577,641,577,668,68,665,Vastarel MR - 35mg (Trimetazidine dihydrochloride)
71,615,218,617,218,639,71,636,1 cv 8h 1 v1 8h
682,592,734,592,734,616,682,616,Viên
805,591,839,591,839,619,805,619,50
67,586,282,591,282,618,67,613,kali aspartat anhydrat)
25,589,42,589,42,611,25,611,2
70,561,640,565,639,592,69,588,PANANGIN - 140mg + 158mg (Magnesi aspartat anhydrat+
74,536,202,539,201,562,73,559,1v8h 1 v18hi
682,515,734,515,734,539,682,539,Viên
803,513,837,513,837,540,803,540,60
71,509,284,514,283,539,71,534,arginine+Amlodipine)
27,513,44,513,44,531,27,531,1
74,484,495,487,495,513,74,511,Coveram 5mg/5mg - 5mg; 5mg (Perindopril
677,451,735,447,737,477,679,481,ĐVT
251,445,478,451,477,482,251,476,Tên thuốc - Cách dùng
770,445,869,450,867,482,769,477,Số lượng
12,449,60,445,62,473,14,477,STT
7,405,236,405,236,432,7,432,Phòng: Phòng khám 219
120,378,191,383,190,407,118,402,ổn định
117,355,844,351,844,380,117,384,tăng lipid máu khác;120 - Cơn đau thắt ngực;150 - Suy tim / Cơn đau thắt ngực
8,325,866,325,866,356,8,356,Chấn đoán: 110 - Bệnh lý tăng huyết áp/ E78 - Rối loạn chuyển hóa lipoprotein và tỉnh trạng
12,300,693,300,693,325,12,325,Địa chỉ: Trường Thi, Thành phố Thanh Hóa, Tỉnh Thanh Hóa, Việt Nam
14,272,322,272,322,295,14,295,Số thẻ BHYT:HT2383820298085
496,269,742,265,742,291,497,295,Nơi ĐK KCB BĐ: 38280
14,242,142,245,141,268,13,265,Đối tượng:
139,241,286,241,286,263,139,263,Bảo Hiểm Y Tế
613,236,700,233,701,261,614,264,SĐT: 0
14,212,320,209,321,237,14,240,Họ tên: NGUYỄN THỊ LƯỞNG
616,204,709,204,709,232,616,232,Tuổi: 96
253,170,627,161,628,196,254,204,ĐƠN THUỐC BẢO HIẾM
722,162,877,165,876,194,721,191,KKB.43286
345,129,538,125,539,148,345,152,Mã hồ sơ: 2110140372
596,125,821,125,821,148,596,148,Kho:110-Kho Ngoại trú
596,93,742,91,742,113,596,116,Số: 211001966
18,108,319,81,323,125,22,152,BỆNH VIỆN PH NHƯ VÀ KHOANH Ý CH
188,81,241,81,241,95,188,95,HHOA
594,63,786,58,787,81,595,86,Mã BN:2110016292
37,64,302,40,305,76,40,100,SỐ VING TCKT - A1
21,26,350,3,353,35,23,58,CHINH VIỆN ĐÃ KHOA TÍNH THẠNH HÓA
