717,1087,833,1087,833,1113,717,1113,Lê Thị Xuân
398,967,657,967,657,1051,398,1051,Hoangly tim
68,956,108,956,108,1000,68,1000,U
649,931,676,935,673,950,647,946,0
667,928,875,928,875,955,667,955,(Ký và ghi rõ họ, tên)
413,921,615,924,615,952,413,949,(Ký và ghi rõ họ, tên)
709,894,835,898,834,922,709,918,Bác sĩ khám
452,886,573,890,572,922,451,918,Người bệnh
269,891,359,891,359,917,269,917,Thủ kho
93,887,176,887,176,919,93,919,Kế toán
631,864,908,865,908,896,631,895,Ngày 14 tháng 10 năm 2021
45,827,541,823,541,853,45,857,Lưu ý: Khám lại khi thấy bất thường và khi hết thuốc.
49,796,226,793,227,820,49,823,Cộng khoản: 5 loại
123,765,176,765,176,788,123,788,lv 8h
855,752,889,752,889,780,855,780,30
734,752,783,752,783,777,734,777,Viên
78,753,94,753,94,775,78,775,5
124,739,470,735,471,761,124,765,Vaspycar MR - 35mg (Trimetazidin)
128,715,195,715,195,737,128,737,1v20h
731,700,781,700,781,724,731,724,Viên
80,703,98,703,98,724,80,724,4
855,699,888,699,888,727,855,727,30
127,687,469,688,469,711,127,709,TV. Fenofibrat 200mg (Fenofibrat)
131,664,185,664,185,687,131,687,1v hh
82,652,98,652,98,673,82,673,3
729,646,781,650,779,674,728,670,Viên
852,647,885,647,885,675,852,675,30
128,637,449,637,449,660,128,660,Prolol Savi 10 - 10mg (Bisoprolol)
130,613,187,613,187,636,130,636,1v8h
83,603,100,603,100,624,83,624,2
728,597,780,597,780,621,728,621,Viên
850,596,884,596,884,623,850,623,30
130,589,400,589,400,611,130,611,Periwel 4 - 4mg (Perindopril)
135,568,254,568,254,585,135,585,1v 8h 1 v18h
130,539,503,537,503,564,130,565,(tương đương với cỏ nhọ nồi 0,5g) 50mg)
89,519,101,519,101,533,89,533,1
129,515,676,508,676,535,130,541,(tương đương với nhân trần 0,5g) 50mg; Cao khô cỏ nhọ nồi
725,505,779,508,777,534,724,530,Viên
848,505,882,505,882,533,848,533,60
132,492,694,481,694,508,133,519,(tương đương với diệp hạ châu 1g) 100mg; Cao khô nhân trần
134,465,639,459,640,484,134,491,Ad- Liver - 100mg, 50mg, 50mg (Cao khô diệp hạ châu
304,431,520,431,520,453,304,453,Tên thuốc - Cách dùng
74,429,121,429,121,455,74,455,STT
723,419,780,419,780,447,723,447,ĐVT
815,414,911,419,910,447,814,442,Số lượng
128,389,289,389,289,411,128,411,Phòng khám 219
69,386,135,390,134,412,68,409,Phòng:
174,366,541,357,542,384,175,392,loại nơi khác / Cơn đau thắt ngực ổn định
173,340,890,317,891,348,174,371,tăng lipid máu khác;120 - Cơn đau thắt ngực;K73 - Viêm gan mãn, không phân
68,314,906,290,907,325,69,348,Chấn đoán: 110 - Bệnh lý tăng huyết áp/E78 - Rối loạn chuyển hóa lipoprotein và tỉnh trạng
69,288,826,265,827,300,70,323,Địa chi: Kiều Đại 2, Đông Vệ, Thành phố Thanh Hóa, Tỉnh Thanh Hóa, Việt Nam
74,263,373,259,374,281,74,285,Số thẻ BHYT: CK2383820025477
537,250,780,237,782,262,538,275,Nơi ĐK KCB BĐ: 38280
76,234,172,238,171,260,75,257,Đối tượng:
197,235,338,230,338,253,198,258,Bảo Hiểm Y Tế
651,214,737,210,738,237,653,240,SĐT: 0
75,208,325,202,326,229,75,235,Họ tên: HOÀNG THỊ SÂM
655,184,746,184,746,211,655,211,Tuổi: 75
308,166,662,146,663,177,309,197,ĐƠN THUỐC BẢO HIẾM
754,144,910,140,911,166,755,171,KKB.43257
391,126,577,113,579,134,392,147,Mã hồ so: 2110140020
60,105,354,84,359,147,65,168,VINH DANG TH
628,111,854,101,855,128,629,138,Kho:110-Kho Ngoại trú
630,83,773,77,774,100,631,106,Số: 211001932
81,81,335,62,338,98,84,117,PHỔ THỊ THANH HOA AN
630,54,819,45,820,68,631,76,Mã BN:2101005800
41,50,383,25,385,55,44,81,BỆNH THÊN ĐA KHOA TỈNH THANH HÓA TH"
