673,945,839,948,838,975,672,972,Trần Quang Mạnh
367,894,632,886,635,970,370,978,Hrung hiếu Mai
706,852,816,849,817,897,707,900,MUR
413,819,521,802,532,876,424,892,Mha
651,786,863,791,863,818,650,813,(Ký và ghi rõ họ, tên)
389,784,595,785,594,812,389,811,(Ký và ghi rõ họ, tên)
692,757,821,760,821,783,691,780,Bác sĩ khám
431,753,552,753,552,780,431,780,Người bệnh
238,750,330,754,329,776,237,773,Thủ kho
48,747,135,747,135,775,48,775,Kế toán
617,727,895,729,894,756,616,753,Ngày 14 tháng 10 năm 2021
0,684,525,685,525,716,0,715,Lưu ý: Khám lại khi thấy bất thường và khi hết thuốc.
2,651,194,653,193,680,1,677,Cộng khoản: 3 loại
79,620,323,623,323,649,79,647,Uống sáng 1 viên lúc 8h
844,616,880,616,880,644,844,644,60
722,613,773,618,770,643,719,638,Viên
34,609,52,609,52,628,34,628,3
85,593,318,597,317,620,84,616,Zondoril 10 (Enalapril)
82,568,385,572,384,597,82,593,Ngày uống 1 viên sau ăn chiều
844,563,878,563,878,591,844,591,60
721,561,772,565,771,589,719,585,Viên
38,556,56,556,56,577,38,577,2
86,540,606,548,605,575,86,567,Gliclada 60mg modified - release tablets (Gliclazid)
85,515,387,519,387,545,84,541,Ngày uống 1 viên sau ăn chiều
720,512,772,512,772,536,720,536,Viên
844,511,878,511,878,539,844,539,60
40,504,60,504,60,523,40,523,1
90,487,505,495,504,520,90,512,BETICAPC 750 SR - 750mg (Metformin)
719,461,775,461,775,485,719,485,ĐVT
812,454,910,462,908,494,809,486,Số lượng
275,452,508,458,507,486,274,480,Tên thuốc - Cách dùng
26,452,75,452,75,476,26,476,STT
16,404,258,405,258,433,16,432,Phòng: Phòng khám 337
135,384,175,384,175,408,135,408,áp 1
18,349,892,359,892,393,18,384,Chẩn đoán: E11 - Bệnh đái thảo đường không phụ thuộc insuline /110 - Bệnh lý tăng huyết
22,324,821,331,821,357,22,351,Địa chỉ: Tổ 15, Quảng Thắng, Thành phố Thanh Hóa, Tỉnh Thanh Hóa, Việt Nam
532,299,783,301,783,324,532,321,Nơi ĐK KCB BĐ: 38280
23,293,351,299,350,321,23,316,Số thẻ BHYT: HT2382796015221
656,268,852,272,852,295,656,291,SĐT: 0987 614 095
161,267,312,267,312,289,161,289,Bảo Hiểm Y Tế
25,262,129,267,127,290,24,285,Đổi tượng:
655,233,749,236,748,264,654,261,Tuổi: 73
25,231,310,235,309,261,24,257,Họ tên: HOÀNG HỮU NHA
759,194,918,200,917,232,758,226,KKB.43258
281,193,664,191,664,225,281,228,ĐƠN THUỐC BẢO HIẾM
633,150,866,158,865,184,632,177,Kho:110-Kho Ngoại trú
374,149,578,151,578,177,374,176,Mã hồ sơ: 2110140006
3,127,288,112,291,175,6,190,LÀ DA DANG TH
19,125,188,128,188,147,19,144,BỆNH VIỆN ĐẠ H
634,120,784,123,784,145,634,143,Số: 211001936
634,89,831,92,830,115,634,112,Mã BN:2101009507
12,90,289,84,289,118,13,124,PHONTETCHIAH
19,51,344,42,345,78,20,87,VIỆN ĐA KHOA TỈNH THANH HÓA
404,24,513,24,513,83,404,83,3100
