901,2520,1155,2520,1155,2555,901,2555,0111/2021 08:06
50,2373,1100,2360,1100,2405,51,2419,ISOFH- Người in: Lê Thị Xuân, ngày in: 15/10/2021 08:01
1283,1765,1485,1765,1485,1811,1283,1811,Lê Thị Xuân
961,1587,1048,1587,1048,1635,961,1635,M
928,1576,956,1576,956,1597,928,1597,V
1204,1491,1558,1491,1558,1533,1204,1533,(Ký và ghi rõ họ, tên)
746,1488,1103,1488,1103,1533,746,1533,(Ký và ghi rõ họ, tên)
1269,1437,1488,1437,1488,1475,1269,1475,Bác sĩ khám
819,1435,1032,1435,1032,1480,819,1480,Người bệnh
484,1432,642,1432,642,1477,484,1477,Thủ kho
168,1427,318,1427,318,1483,168,1483,Kế toán
1141,1387,1610,1387,1610,1432,1141,1432,Ngày 15 tháng 10 năm 2021
77,1323,980,1317,980,1371,78,1376,Lưu ý: Khám lại khi thấy bất thường và khi hết thuốc
83,1267,412,1261,413,1314,84,1320,Cộng khoản: 5 loại
214,1216,323,1216,323,1261,214,1261,1v 8h
1313,1192,1403,1192,1403,1240,1313,1240,Viên
1523,1189,1583,1189,1583,1245,1523,1245,30
138,1195,170,1195,170,1237,138,1237,5
217,1168,852,1171,852,1216,217,1213,Vaspycar MR - 35mg (Trimetazidin)
218,1122,392,1129,390,1174,216,1167,01 220H
1313,1107,1400,1107,1400,1147,1313,1147,Viên
1523,1104,1578,1104,1578,1152,1523,1152,30
138,1104,173,1104,173,1147,138,1147,4
225,1083,672,1083,672,1125,225,1125,Rabepagi 10 (Rabeprazol)
230,1040,331,1040,331,1077,230,1077,1v8h
225,992,672,992,672,1035,225,1035,hydroclorothiazid 12,5mg)
1520,992,1575,992,1575,1037,1520,1037,30
1312,982,1405,994,1399,1042,1306,1030,Viên
143,989,173,989,173,1029,143,1029,3
225,941,1095,944,1095,989,225,987,Lisiplus HCT 10/12,5 (Lisinopril (dihydrat) 10mg +
233,901,358,901,358,939,233,939,1v20h
1515,875,1578,875,1578,928,1515,928,30
1308,871,1402,879,1397,926,1304,919,Viên
143,875,176,875,176,915,143,915,2
228,851,885,856,885,901,227,896,Fasthan 20mg (Pravastatin natri 20mg)
230,811,650,813,650,856,230,853,1 gói sâu ăn no buổi sáng
1512,787,1575,787,1575,840,1512,840,30
1316,789,1387,789,1387,832,1316,832,Gói
148,789,173,789,173,821,148,821,1
228,763,749,765,748,811,227,808,Aspirin 100 - 100mg (Aspirin)
1460,695,1631,708,1626,761,1456,748,Số lượng
1302,701,1398,701,1398,749,1302,749,ĐVT
542,693,948,704,947,755,541,744,Tên thuốc - Cách dùng
113,693,203,693,203,744,113,744,STT
97,613,517,622,516,667,96,658,Phòng: Phòng khám 219
291,568,1550,579,1550,638,290,626,ngực;KK1 - Bệnh trào ngược dạ dày - tơn đau thắt ngực ổn định
299,525,1605,533,1605,587,298,579,và tỉnh trạng tăng lipid máu khác;110 - Bệnh lý tăng huyết áp,120 - Cơn đau thắt
97,474,1613,491,1613,544,96,528,Chẩn đoán: 125.5 - Bệnh cơ tim do thiếu máu cục bộ /E78 - Rối loạn chuyển hóa lipoprotein
94,424,1444,440,1443,494,94,477,Địa chỉ: ái Sơn 1, Đông Hải, Thành phố Thanh Hóa, Tỉnh Thanh Hóa, Việt Nam
975,389,1403,395,1403,438,975,432,Nơi ĐK KCB BĐ: 38280
100,373,672,387,671,430,99,416,Số thẻ BHYT: CC1383820142760
1184,335,1330,342,1328,387,1181,381,SĐT: 0
329,325,604,334,603,379,328,370,Bảo Hiểm Y Tế
99,316,346,334,342,380,95,362,Đối tượng:
1181,282,1344,289,1342,337,1179,330,Tuổi: 76
98,264,528,275,527,328,96,317,Họ tên: trần văn cự
1359,227,1629,227,1629,272,1359,272,KKB.43319
550,213,1201,216,1201,272,549,269,ĐƠN THUỐC BẢO HIẾM
1145,146,1534,158,1533,203,1143,192,Kho:110-Kho Ngoại trú
711,146,1046,152,1045,190,710,184,Mà hồ sơ: 2110150031
1864,104,1902,104,1902,136,1864,136,1
1145,96,1395,102,1394,144,1144,138,Số: 211002005
97,85,645,85,645,165,97,165,BỆNH VÀ ĐANG KÝ
1142,45,1474,54,1473,96,1141,88,Mã BN:2101010429
154,27,609,18,610,72,155,80,SỞ Y TẾ THANH HỒ A 1
