672,854,834,860,833,887,671,881,Trần Quang Mạnh
727,761,821,761,821,809,727,809,luwly
117,753,160,753,160,784,117,784,Igly
652,704,855,708,855,735,652,730,(Ký và ghi rõ họ, tên)
404,700,602,704,601,730,403,725,(Ký và ghi rõ họ, tên)
692,676,816,679,815,702,691,698,Bác sĩ khám
444,669,561,672,560,699,443,696,Người bệnh
264,666,351,671,350,695,263,690,Thủ kho
87,661,169,664,168,692,86,689,Kế toán
618,646,888,652,887,679,618,673,Ngày 14 tháng 10 năm 2021
38,605,533,611,533,637,38,632,Lưu ý: Khám lại khi thấy bất thường và khi hết thuốc.
41,573,222,576,222,603,41,600,Cộng khoản: 3 loại
116,546,424,555,424,578,116,569,Ngày uống 01 viên trước ăn sáng
840,544,873,544,873,571,840,571,60
721,539,771,543,769,569,719,565,Viên
72,535,90,535,90,555,72,555,3
120,520,611,528,611,555,120,547,Gliclada 60mg modified - release tablets (Gliclazid)
123,499,276,501,275,523,123,520,Ngày 1 viên 20h th
723,495,770,495,770,519,723,519,Viên
840,493,871,493,871,521,840,521,60
76,485,93,485,93,507,76,507,2
123,473,484,480,484,503,123,496,Fasthan 20mg (Pravastatin natri 20mg)
123,451,404,455,403,477,123,473,Ngày uống 1 viên sau ăn chiều
840,447,873,447,873,471,840,471,60
721,445,770,445,770,469,721,469,Viên
79,440,93,440,93,452,79,452,1
124,422,516,431,515,454,124,445,BETICAPC 750 SR - 750mg (Metformin)
720,397,773,397,773,423,720,423,ĐVT
810,393,902,399,900,427,808,421,Số lượng
298,389,520,395,519,422,297,416,Tên thuốc - Cách dùng
64,388,112,388,112,412,64,412,stt
55,340,285,346,284,378,54,372,Phòng: Phòng khám 337
169,325,203,325,203,345,169,345,cáp /
56,293,885,300,885,331,56,324,Chấn đoán 1911 - Bệnh đái tháo đường không phụ thuộc insuline /110 - Bệnh lý tăng huyết
60,265,867,273,867,300,60,292,Địa chỉ: 02 Nguyễn Chế Nghĩa, Tân Sơn, Thành phố Thanh Hóa, Tỉnh Thanh Hóa, Việt
541,243,780,244,780,267,541,265,Nơi ĐK KCB BĐ: 38280
64,240,371,240,371,261,64,261,Số thẻ BHYT: HC4382798086349
659,215,739,215,739,237,659,237,SĐT: 0
63,211,334,209,334,236,63,237,Đối tượng: Bảo Hiểm Y Tế
657,181,749,184,748,212,656,209,Tuổi: 59
65,184,270,184,270,207,65,207,Họ tên: lê huy sơn
756,145,910,150,909,180,755,176,KKB.43263
307,144,667,144,667,175,307,175,ĐƠN THUỐC BẢO HIẾM
636,105,858,109,857,135,635,131,Kho:110-Kho Ngoại trú
394,105,585,105,585,127,394,127,Mã hồ sơ: 2110140023
640,76,779,79,778,102,639,99,Số: 211001937
51,81,341,66,343,106,53,121,BỆNH VIỆN DINH
638,47,825,48,825,71,638,69,Mã BN:2106007744
119,43,203,43,203,65,119,65,ANCAL
70,40,128,40,128,63,70,63,PHO
211,35,320,30,321,52,212,56,KKFFAL
46,7,218,4,218,27,47,29,BNN VIỆN ĐATHOS T
215,8,244,8,244,21,215,21,LIN
