693,1025,826,1025,826,1051,693,1051,Hoàng Thị Cúc
412,981,614,972,617,1027,415,1036,Thỳ clvi
469,899,530,899,530,949,469,949,Gh
657,869,859,869,859,895,657,895,(Ký và ghi rõ họ, tên)
410,867,603,867,603,894,410,894,(Ký và ghi rõ họ, tên)
695,839,818,839,818,862,695,862,Bác sĩ khám
270,838,355,838,355,861,270,861,Thủ kho
449,835,563,835,563,862,449,862,Người bệnh
94,835,175,835,175,863,94,863,Kế toán
622,810,888,810,888,837,622,837,Ngày 14 tháng 10 năm 2021
48,775,534,773,535,799,48,802,Lưu ý: Khám lại khi thấy bất thường và khi hết thuốc.
50,745,229,742,229,769,51,771,Cộng khoản: 5 loại
130,717,225,717,225,739,130,739,1 viên 20h
719,703,768,703,768,727,719,727,Viên
836,702,867,702,867,729,836,729,30
83,705,100,705,100,729,83,729,5
131,693,370,693,370,715,131,715,Rabepagi 10 (Rabeprazol)
134,669,215,669,215,691,134,691,1 viên 8h
716,654,765,654,765,678,716,678,Viên
85,657,102,657,102,678,85,678,4
833,653,866,653,866,679,833,679,30
131,642,679,642,679,667,131,667,Pomatat - 140mg + 158mg (Magnesi aspartat + kali aspartat)
136,621,214,621,214,639,136,639,11 viên 8h
130,591,372,593,372,619,129,618,hydroclorothiazid 12,5mg)
828,591,863,591,863,617,828,617,30
715,588,764,592,762,617,713,613,Viên
86,594,104,594,104,615,86,615,3
134,567,597,569,597,591,134,590,Lisiplus HCT 10/12,5 (Lisinopril (dihydrat) 10mg + 19
136,546,243,546,243,565,136,565,1122 viên 20hi
713,531,762,531,762,555,713,555,Viên
86,531,108,531,108,557,86,557,2
829,529,860,529,860,555,829,555,15
134,519,484,521,484,543,134,542,Fasthan 20mg (Pravastatin natri 20mg)
139,497,218,497,218,515,139,515,1 viên 8h
138,471,593,473,593,495,138,494,Clopidogrel hydrogen sulphat)
713,470,762,470,762,494,713,494,Viên
94,474,106,474,106,489,94,489,1
828,470,858,470,858,493,828,493,30
138,447,604,447,604,470,138,470,Duoplavin - 75mg + 100mg (Clopidogrel (dưới dạng)
304,411,517,414,517,438,304,435,Tên thuốc - Cách dùng
709,412,761,408,763,434,710,437,ĐVT
78,410,124,410,124,435,78,435,STT
798,405,888,412,886,439,796,432,Số lượng
69,366,291,370,290,397,68,393,Phòng: Phòng khám 208
177,345,727,345,727,371,177,371,khác;150 - Suy tim;K21 - Bệnh trào ngược dạ dày - thực quản /
176,321,886,317,886,343,176,347,và tình trạng tăng lipid máu khác;110 - Bệnh lý tăng huyết áp,149 - Loạn nhịp tim
72,294,881,294,881,319,72,319,Chần đoán: 125.5 - Bệnh cơ tim do thiếu máu cục bộ/ E78 - Rối loạn chuyển hóa lipoprotein
71,266,727,265,727,291,71,293,Địa chỉ: Làng Cò Chè, Lộc Thịnh, Ngọc Lặc, Tỉnh Thanh Hóa, Việt Nam
75,241,371,241,371,262,75,262,Số thẻ BHYT: DT2383820768711
536,238,768,237,768,259,536,261,Nơi ĐK KCB BĐ: 38146
74,211,171,214,170,237,73,234,Đối tượng:
196,213,338,213,338,234,196,234,Bảo Hiểm Y Tế
648,209,727,207,727,231,648,233,SĐT: 0
74,183,356,182,356,209,74,210,Họ tên: Trương công gia
645,178,734,175,735,203,646,206,Tuổi: 61
743,141,890,141,890,171,743,171,KKB.43303
298,142,658,135,659,170,299,177,ĐƠN THUỐC BẢO HIẾM
38,141,314,130,316,166,39,177,06. ĐÃ ĐĂNG KY
629,107,839,107,839,130,629,130,Kho:110-Kho Ngoại trú
391,105,577,103,577,126,391,127,Mã hồ sơ: 2110140650
54,96,330,79,332,111,56,128,PHONY NAM CA KHOA TỈNH
629,79,761,79,761,98,629,98,Số: 211001981
6,64,346,51,347,83,8,96,BỆNH VIỆN ĐỞ KHỐ THANH HỚA, HỘI
627,50,806,50,806,71,627,71,Mã BN:2110016514
