696,885,808,889,808,915,695,912,Lê Thị Xuân
413,843,496,843,496,908,413,908,Jas
488,838,649,819,660,907,499,926,sypchind
730,827,778,819,782,843,734,851,Xwv
85,783,115,783,115,803,85,803,I
428,766,607,773,605,833,426,826,D:VIE
650,736,849,739,849,764,650,762,(Ký và ghi rõ họ, tên)
410,735,598,735,598,762,410,762,(Kỷ và ghi rõ họ, tên)
690,711,808,711,808,730,690,730,Bác sĩ khám
274,708,357,708,357,731,274,731,Thủ kho
447,706,560,706,560,734,447,734,Người bệnh
103,704,182,704,182,732,103,732,Kế toán
620,683,876,683,876,706,620,706,Ngày 14 tháng 10 năm 2021
57,650,531,646,531,674,57,678,Lưu ý: Khám lại khi thấy bất thường và khi hết thuốc.
62,622,230,622,230,644,62,644,Cộng khoản: 3 loại
130,594,185,594,185,616,130,616,Iv 8h
713,580,760,580,760,604,713,604,Viên
827,578,860,578,860,606,827,606,60
88,580,103,580,103,602,88,602,3
133,570,346,570,346,591,133,591,Zondoril 10 (Enalapril)
137,547,190,547,190,566,137,566,Lv Sh
711,532,759,532,759,556,711,556,Viên
826,532,856,532,856,555,826,555,60
88,531,109,531,109,558,88,558,2
133,519,466,520,466,547,133,546,Vaspycar MR - 35mg (Trimetazidin)
136,499,210,499,210,522,136,522,1/2 v 8h
710,486,758,486,758,510,710,510,Viên
823,483,856,483,856,510,823,510,30
92,486,110,486,110,507,92,507,1
136,474,445,475,445,498,136,496,Prolol Savi 10 - 10mg (Bisoprolol)
301,436,515,439,515,467,301,464,Tên thuốc - Cách dùng
707,439,759,439,759,463,707,463,ĐVT
793,433,884,440,882,468,791,461,Số lượng
77,436,125,436,125,466,77,466,stt
69,395,289,396,289,423,69,422,Phòng: Phòng khám 219
176,369,367,374,366,401,175,396,đau thắt ngực ổn định
174,350,849,346,849,372,174,376,khác;110 - Bệnh lý tăng huyết áp;120 - Cơn đau thắt ngực;150 - Suy tim / Cơn
72,324,856,320,856,347,72,351,Chần đoán: 295.4 - Sự có mặt của van tim thay thế khác / D68 - Các bất thường đông máu
70,296,726,292,726,323,71,327,Địa chỉ: Thôn 1, Hoằng Phượng, Hoằng Hóa, Tỉnh Thanh Hóa, Việt Nam
76,271,370,271,370,294,76,294,Số thẻ BHYT: BT2383822311720
531,270,759,268,759,291,531,292,Nơi ĐK KCB BĐ: 38431
73,244,335,242,335,267,73,270,Đối tượng: Bảo Hiểm Y Tế
645,242,825,242,825,264,645,264,SĐT: 0972 556 899
75,214,338,214,338,240,75,240,Họ tên: Đào ngọc chính
643,211,729,211,729,238,643,238,Tuổi: 32
305,178,651,172,652,203,305,209,ĐƠN THUỐC BẢO HIẾM
739,172,885,177,884,205,738,200,KKB.43275
623,138,831,139,831,162,623,160,Kho:110-Kho Ngoại trúc
391,142,571,139,571,156,391,159,Mà ho sơ: 2110140140
68,116,375,116,375,151,68,151,BỆNH VIỆN ĐA KHOA TÍNH KÝ
625,110,756,110,756,128,625,128,Số: 211001955
624,83,800,83,800,104,624,104,Mã BN:2103003092
75,85,361,70,363,110,77,125,SỞ THÀNH HÓA - AI
50,50,406,36,408,68,51,82,BỊNH VIỆN ĐA KHOA TỈNH THANH HÓA
