420,1108,646,1108,646,1199,420,1199,livpy
714,1123,856,1118,857,1149,715,1154,Hoàng Thị Cúc
480,988,597,988,597,1089,480,1089,blic
412,961,623,961,623,992,412,992,(Kỷ và ghi rõ họ, tên)
680,961,887,959,888,987,681,989,(Ký và ghi rõ họ, tên)
61,933,153,933,153,965,61,965,Kế toán
256,932,352,932,352,959,256,959,Thủ kho
455,931,578,931,578,957,455,957,Người bệnh
721,931,848,931,848,953,721,953,Bác sĩ khám
644,901,919,899,919,925,644,928,Ngày 14 tháng 10 năm 2021
8,868,548,856,548,890,9,903,Lưu ý: Khám lại khi thấy bất thường và khi hết thuốc.
11,836,209,830,210,861,12,867,Cộng khoản: 6 loại
95,803,191,803,191,829,95,829,1 viên 8h
42,789,65,789,65,816,42,816,6
746,785,798,785,798,809,746,809,Viên
870,783,904,783,904,812,870,812,30
97,776,335,776,335,799,97,799,Zondoril 10 (Enalapril)
95,749,200,749,200,772,95,772,1 viên 20h
45,736,67,736,67,761,45,761,5
869,732,901,732,901,759,869,759,30
746,732,796,732,796,756,746,756,Viên
100,723,365,723,365,745,100,745,Rabepagi 10 (Rabeprazol)
101,699,224,699,224,717,101,717,112 viên 20h
45,683,67,683,67,708,45,708,4
743,680,795,680,795,704,743,704,Viên
867,677,900,677,900,705,867,705,15
98,669,490,669,490,692,98,692,Fasthan 20mg (Pravastatin natri 20mg)
102,645,180,645,180,664,102,664,11 viê 8h
101,617,608,617,608,639,101,639,Clopidogrel hydrogen sulphat) Acetylsalicylic)
742,615,794,615,794,639,742,639,Viên
865,612,900,612,900,640,865,640,30
48,613,70,613,70,639,48,639,3
104,589,620,589,620,612,104,612,Duoplavin - 75mg + 100mg (Clopidogrel (dưới dạng)
107,563,306,565,305,588,106,585,viên trước ăn sáng
740,549,792,549,792,573,740,573,Viên
863,548,897,548,897,575,863,575,30
50,547,71,547,71,575,50,575,2
102,536,445,539,444,561,102,559,Diamicron MR 60mg (Gliclazide)
104,511,285,513,285,536,104,533,2 viên sau ăn sáng
862,497,896,497,896,524,862,524,60
740,494,791,498,790,523,739,519,Viên
55,497,70,497,70,519,55,519,1
104,483,522,487,522,509,104,505,BETICAPC 750 SR - 750mg (Metformin)
735,447,794,447,794,475,735,475,ĐVT
289,442,528,447,527,478,289,473,Tên thuốc - Cách dùng
829,441,928,447,926,479,827,473,Số lượng
37,443,90,443,90,472,37,472,STT
29,397,274,399,274,425,29,424,Phòng: Phòng khám 208
145,368,892,372,892,407,144,403,khác; 110 - Bệnh lý tăng huyết áp, 221 - Bệnh trào ngược dạ dày - thực quản 
149,345,927,349,927,376,149,372,thuộc insuline;E78 - Rối loạn chuyển hóa lipoprotein và tỉnh trạng tăng lipid máu thuy
31,317,920,321,920,348,31,344,Chấn đoán: 125.5 - Bệnh cơ tim do thiếu máu cục bộ/E11 - Bệnh đái tháo đường không phụ thu tri
31,287,821,291,821,317,31,313,Địa chỉ: Tổ Mới, Đông Thọ, Thành phố Thanh Hóa, Tỉnh Thanh Hóa, Việt Nam
548,261,796,261,796,284,548,284,Nơi ĐK KCB BĐ: 38280
34,259,367,259,367,281,34,281,Số thẻ BHYT: HT3382797044436
668,225,867,228,867,256,668,253,SĐT: 0984 308 330
35,226,141,230,140,254,34,250,Đối tượng:
170,227,326,227,326,253,170,253,Bảo Hiểm Y Tế
669,193,765,196,764,224,668,221,Tuổi: 59
33,192,266,195,266,225,33,223,Họ tên: lê viết thụ
774,152,934,155,934,191,773,188,KKB.43269
292,153,680,152,681,188,292,189,ĐƠN THUỐC BẢO HIẾM
96,127,389,118,390,153,98,162,12. ĐÃ ĐĂNG KÝ
647,112,880,116,879,143,646,139,Kho:110-Kho Ngoại trú
395,119,440,119,440,132,395,132,Maho
446,117,589,115,589,132,446,135,sơ: 2110140062
650,84,796,84,796,107,650,107,Số: 211001938
24,83,376,73,377,108,25,118,BỆNH VIỆN ANKHOAGKT - A1)
649,52,843,52,843,73,649,73,M3 BN:2107003671
54,44,407,34,408,73,55,83,BỘNG TIẾT THÀ KHOA THÀNH NHÀNH HỘI
