862,27,956,27,956,86,862,86,UIST
19,27,379,27,379,60,19,60,BỆNH VIỆN ĐA KHOA TỈNH THANH HÓA
659,85,840,85,840,101,659,101,Mã BN:2101008898
66,68,335,68,335,113,66,113,BUCKETONINH
658,112,794,112,794,134,658,134,Số: 211001972
34,113,357,113,357,213,34,213,10 DADING RY
415,144,601,144,601,162,415,162,Mã hồ sơ: 2110140033
657,144,872,144,872,164,657,164,Kho:110-Kho Ngoại trú
326,213,685,213,685,242,326,242,ĐƠN THUỐC BẢO HIẾM NHI
776,181,925,181,925,212,776,212,KKB.43293
678,221,767,221,767,244,678,244,Tuổi: 61
86,221,289,221,289,246,86,246,Họ tên: lê thị mậy
679,255,865,255,865,276,679,276,SĐT: 0949 147 694
88,255,186,255,186,278,88,278,Đối tượng:
215,255,355,255,355,274,215,274,Bảo Hiểm Y Tế
560,284,796,284,796,303,560,303,Nơi ĐK KCB BĐ: 382200
85,284,389,284,389,305,85,305,Số thẻ BHYT: HT3322705008713
83,311,756,311,756,341,83,341,Địa chỉ: Thôn 2, Quảng Đức, Quảng Xương, Tỉnh Thanh Hóa, Việt Nam
85,341,482,341,482,367,85,367,Chẩn đoán: D75.2 - Tăng tiểu cầu tiền phát / 1
82,373,300,373,300,398,82,398,Phòng: Phòng khám 311
97,411,139,411,139,430,97,430,STT
832,411,918,411,918,437,832,437,Số lượng
742,411,790,411,790,428,742,428,ĐVT
324,411,540,411,540,434,324,434,Tên thuốc - Cách dùng
157,455,436,455,436,480,157,480,Aspirin 100 - 100mg (Aspirin)
860,455,886,455,886,475,860,475,30
109,455,127,455,127,472,109,472,1
749,455,782,455,782,472,749,472,Gói
151,483,442,483,442,504,151,504,uống 1 gói/ ngày ung 8h sáng
151,504,634,504,634,527,151,527,Hytinon - 500mg (Hydroxyurea (Hydroxycarbamid) )
114,504,124,504,124,521,114,521,2
744,504,789,504,789,522,744,522,Viên
856,504,894,504,894,524,856,524,150
150,528,616,528,616,551,150,551,Thuống 2 viên xen kẽ 3 viên / ngày , chiều thuy nghiện
83,557,253,557,253,580,83,580,Cộng khoản: 2 loại
76,587,555,587,555,614,76,614,Lưu ý: Khám lại khi thấy bất thường và khi hết thuốc
648,623,908,623,908,645,648,645,Ngày 14 tháng 10 năm 2021
129,644,203,644,203,666,129,666,Kế toán
301,644,380,644,380,661,301,661,Thủ kho
476,644,586,644,586,665,476,665,Người bệnh
719,645,839,645,839,665,719,665,Bác sĩ khám
436,677,627,677,627,699,436,699,(Ký và ghi rõ họ, tên)
679,677,878,677,878,700,679,700,(Ký và ghi rõ họ, tên)
758,720,797,720,797,745,758,745,LII
719,824,845,824,845,848,719,848,Lê Thị Nguyệt
453,776,667,776,667,864,453,864,Lathing
