302,102,954,102,954,164,302,164,BỆNH VIỆN ĐA KHOA TỈNH THANH HÓA
1380,102,1722,102,1722,133,1380,133,Ma BN:2101018554
745,159,856,159,856,196,745,196,NAL
289,159,730,159,730,215,289,215,BỆNH VHONG KHI KHO
1383,159,1636,159,1636,198,1383,198,Số: 211002018
375,221,900,221,900,281,375,281,07.ĐÃ ĐĂNG KÝ
905,221,1019,221,1019,259,905,259,Mahes
1096,221,1218,221,1218,239,1096,239,22110150
1252,256,1274,256,1274,272,1252,272,37
1380,256,1779,256,1779,296,1380,296,Kho:110-Kho Ngoại trúc
761,309,1440,309,1440,363,761,363,ĐƠN THUỐC BẢO HIẾM
1607,309,1896,309,1896,365,1607,365,KKB.43335
305,376,861,376,861,423,305,423,Họ tên: NGUYÊN TUẤN HẢO
1425,376,1585,376,1585,417,1425,417,Tuổi: 82
355,438,537,438,537,481,355,481,Đối tượng:
552,438,822,438,822,480,552,480,Bảo Hiểm Y Tế
1429,438,1778,438,1778,471,1429,471,SĐT: 0975 806 2866
297,491,882,491,882,531,297,531,Số thẻ BHYT: HT2383820254318
1211,491,1651,491,1651,525,1211,525,Nơi ĐK KCB BĐ: 382800
297,539,1518,539,1518,588,297,588,Địa Chỉ: Đông Vệ, Thành phố Thanh Hóa, Tỉnh Thanh Hóa, Việt Nam Thu Tinh
295,592,1813,592,1813,645,295,645,Chấn đoán: 110 - Bệnh lý tăng huyết áp 11993 - Ngoại tâm thu thất, 144.1 - Bệnh phổi tắc trinh thuy
502,645,1679,645,1679,699,502,699,nghyn mãn tính đợt cấp, không phân loại / cơn đau thắt ngực ổn định
301,699,723,699,723,751,301,751,Phòng: Phòng khám 2199
327,771,406,771,406,803,327,803,STT
757,771,1173,771,1173,816,757,816,Tên thuốc - Cách dùng
1557,771,1647,771,1647,801,1557,801,ĐVT
1724,771,1884,771,1884,815,1724,815,Số lượng
426,837,1340,837,1340,888,426,888,Lisiplus HCT 10/12,5 (Lisinopril (dihydrat) 10mg + 1
1781,891,1829,891,1829,927,1781,927,30
369,891,379,891,379,921,369,921,1
1560,891,1643,891,1643,923,1560,923,Viên
425,891,891,891,891,937,425,937,hydroclorothiazid 12,5mg)
434,944,526,944,526,981,434,981,lv 8h
431,992,1486,992,1486,1032,431,1032,PANANGIN - 140mg 158mg (Magnesi aspartat anhydrat+
356,1040,376,1040,376,1070,356,1070,2
1789,1040,1837,1040,1837,1076,1789,1076,50
1571,1040,1656,1040,1656,1072,1571,1072,Viên
433,1040,806,1040,806,1075,433,1075,akali aspartat anhydrat)
430,1091,656,1091,656,1127,430,1127,181 1 1 1 16
423,1133,1376,1133,1376,1179,423,1179,Symbicort Turbuhaler - Mỗi liều phóng thía:
425,1184,1441,1184,1441,1227,425,1227,Budesonid 160mcg; Formoterol fumarate dihydrate 4,5
1578,1184,1653,1184,1653,1227,1578,1227,Ống
1795,1184,1842,1184,1842,1221,1795,1221,01
352,1184,371,1184,371,1215,352,1215,3
423,1235,1278,1235,1278,1276,423,1276,mcg (Budesonid+Formoterol fumarate dihydrate)
420,1277,662,1277,662,1325,420,1325,ngày xịt 1 lần
288,1339,618,1339,618,1380,288,1380,Cộng khoản: 3 loại
275,1400,1212,1400,1212,1453,275,1453,Lưu ý: Khám lại khi thấy bất thường và khi hết thuốc
1388,1461,1887,1461,1887,1503,1388,1503,Ngày 15 tháng 10 năm 2021
374,1509,521,1509,521,1551,374,1551,Kế toán
1047,1509,1265,1509,1265,1554,1047,1554,Người bệnh
706,1509,864,1509,864,1541,706,1541,Thủ kho
1530,1509,1759,1509,1759,1542,1530,1542,Bác sĩ khám
979,1576,1333,1576,1333,1618,979,1618,Kho và ghi rõ họ, tên
1454,1576,1816,1576,1816,1619,1454,1619,(Ký và ghi rõ họ, têng
1129,1712,1189,1712,1189,1757,1129,1757,ee
910,1825,1307,1825,1307,1922,910,1922,011190000120
1546,1867,1754,1867,1754,1904,1546,1904,Lê Thị Xuân
137,2424,169,2424,169,2457,137,2457,IS
