61,64,396,64,396,110,61,110,NHIVIỆN DAK
38,96,125,96,125,133,38,133,ENH
129,96,660,96,660,160,129,160,PHỌNG TCHTEAN
1287,184,1649,184,1649,216,1287,216,Mã BN:2101011042
101,225,677,225,677,297,101,297,BỆNH VIỆN DA KHOAT
1290,225,1558,225,1558,266,1290,266,Số: 211002087
808,296,974,296,974,332,808,332,Mã hồ sơn
985,296,1176,296,1176,322,985,322,221101506460
1283,296,1705,296,1705,339,1283,339,Kho:110-Kho Ngoại trú
630,373,1342,373,1342,430,630,430,ĐƠN THUỐC BẢO HIẾM
1523,373,1810,373,1810,427,1523,427,KKB.43409
147,440,627,440,627,491,147,491,Họ tên: HÀ ĐÌNH LUẬN
1328,440,1495,440,1495,482,1328,482,Tuổi: 68
146,502,697,502,697,563,146,563,Đối tượng: Bảo Hiểm Y Tế
1328,502,1690,502,1690,535,1328,535,STT 0372932233
142,566,763,566,763,608,142,608,Số thẻ BHYT: HT2382797049823
1102,566,1566,566,1566,600,1102,600,Nơi ĐK KCB BĐ: 38280
134,616,1550,616,1550,669,134,669,Và Địa chỉ: Tổ 15, Đông Vệ, Thành phố Thanh Hóa, Tỉnh Thanh Hóa, Việt Nam
137,669,1794,669,1794,723,137,723,Chu Chần đoán: 125.5 - Bệnh cơ tim do thiếu máu cục bộ/EE8 - Rối loạn chuyển hóa lipoprotein the trinh
357,725,1781,725,1781,776,357,776,và tình trạng tăng lipid máu khác; 110 - Bệnh lý tăng huyết áp,120 - Cơn đau thắt nhang thu
355,776,1718,776,1718,827,355,827,ngực K21 - Bệnh trào ngược dạ dày - thực quản định thuy
143,827,595,827,595,882,143,882,Phòng: Phòng khám 2199
166,907,252,907,252,940,166,940,STT
1458,907,1554,907,1554,944,1458,944,ĐVT
1640,907,1807,907,1807,953,1640,953,Số lượng
625,907,1061,907,1061,953,625,953,Tên thuốc - Cách dùng
275,984,851,984,851,1038,275,1038,Aspirin 100 - 100mg (Aspirin)
208,984,221,984,221,1015,208,1015,1
1696,984,1747,984,1747,1021,1696,1021,30
1478,984,1543,984,1543,1017,1478,1017,Gói
278,1038,742,1038,742,1084,278,1084,1 gói sâu ăn no buổi sáng
276,1084,996,1084,996,1128,276,1128,Fasthan 20mg (Pravastatin natri 20mg)
198,1084,221,1084,221,1116,198,1116,2
1470,1084,1558,1084,1558,1117,1470,1117,Viên
1699,1084,1750,1084,1750,1122,1699,1122,30
281,1139,415,1139,415,1176,281,1176,1v20h
278,1184,1230,1184,1230,1230,278,1230,Lisiplus HCT 10/12,5 (Lisinopril (dihydrat) 10mg the tran
1705,1229,1755,1229,1755,1268,1705,1268,60
197,1229,218,1229,218,1262,197,1262,3
1473,1229,1564,1229,1564,1263,1473,1263,Viên
278,1235,763,1235,763,1277,278,1277,"hydroclorothiazid 12,5mg)
275,1282,526,1282,526,1322,275,1322,1188111118
270,1333,767,1333,767,1384,270,1384,Rabepagi 10 (Rabeprazol)
1710,1333,1761,1333,1761,1372,1710,1372,30
189,1365,213,1365,213,1398,189,1398,4
1481,1365,1570,1365,1570,1398,1481,1398,Viên
271,1384,456,1384,456,1421,271,1421,01 220H
267,1435,965,1435,965,1487,267,1487,Vaspycar MR-35mg (Trimetazidin)
1715,1435,1767,1435,1767,1475,1715,1475,30
186,1435,207,1435,207,1469,186,1469,5
1481,1435,1573,1435,1573,1471,1481,1471,Viên
259,1488,374,1488,374,1535,259,1535,1v8h
120,1549,473,1549,473,1592,120,1592,Cộng khoản: 5 loại
106,1614,1101,1614,1101,1672,106,1672,Lưu ý: Khám lại khi thấy bất thường và khi hết thuốc.
1293,1685,1812,1685,1812,1730,1293,1730,Ngày 15 tháng 10 năm 2021
219,1722,374,1722,374,1771,219,1771,Kế toán
574,1722,739,1722,739,1758,574,1758,Thủ kho
1433,1733,1678,1733,1678,1773,1433,1773,Bác sĩ khám
933,1733,1162,1733,1162,1783,933,1783,Người bệnh
851,1803,1243,1803,1243,1853,851,1853,(Ký và ghi rõ họ, tên)
1358,1803,1754,1803,1754,1851,1358,1851,(Ký và ghi rõ họ, tên)
213,1868,342,1868,342,2013,213,2013,lah
932,1868,1187,1868,1187,1987,932,1987,lull
912,2060,1374,2060,1374,2215,912,2215,Và Hph minh
1455,2120,1677,2120,1677,2163,1455,2163,Lê Thị Xuân
