627,56,804,56,804,76,627,76,Mã BN:2110016514
4,56,344,56,344,88,4,88,BỆNH VIỆN ĐỞ KHỐ THANH HỚA, HỘI
629,85,760,85,760,102,629,102,Số: 211001981
54,88,330,88,330,120,54,120,PHONY NAM CA KHOA TỈNH
391,111,571,111,571,130,391,130,Mà hồ sơ: 21101406500
629,111,837,111,837,132,629,132,Kho:110-Kho Ngoại trú
27,136,304,136,304,172,27,172,06. ĐÃ ĐĂNG KY
298,136,655,136,655,169,298,169,ĐƠN THUỐC BẢO HIẾM
743,136,890,136,890,166,743,166,KKB.43303
645,184,726,184,726,205,645,205,Tuổi: 61
74,184,354,184,354,209,74,209,Họ tên: Trương công gia
648,215,720,215,720,233,648,233,SĐT: 0
195,215,332,215,332,233,195,233,Bảo Hiểm Y Tế
80,215,171,215,171,237,80,237,Đối tượng:
536,244,765,244,765,262,536,262,Nơi ĐK KCB BĐ: 38146
72,244,366,244,366,262,72,262,Số thẻ BHYT: DT2383820768711
71,272,723,272,723,295,71,295,Địa chỉ: Làng Cò Chè, Lộc Thịnh, Ngọc Lặc, Tỉnh Thanh Hóa, Việt Nam
72,300,878,300,878,325,72,325,Chần đoán: 125.5 - Bệnh cơ tim do thiếu máu cục bộ/E78 - Rối loạn chuyền hóa lipoprotein
176,327,883,327,883,352,176,352,và tình trạng tăng lipid máu khác;110 - Bệnh lý tăng huyết áp;149 - Loạn nhịp tim nhưng
177,352,724,352,724,378,177,378,khác;150 - Suy tim;K21 - Bệnh trào ngược dạ dày - thực quản/
74,378,290,378,290,401,74,401,Phòng: Phòng khám 2089
798,411,881,411,881,434,798,434,Số lượng
84,411,124,411,124,428,84,428,STT
709,411,757,411,757,430,709,430,ĐVT
304,411,514,411,514,433,304,433,Tên thuốc - Cách dùng
138,453,602,453,602,475,138,475,Duoplavin - 75mg + 100mg (Clopidogrel (dưới dạng tháng)
828,476,853,476,853,495,828,495,30
94,476,106,476,106,490,94,490,1
713,476,756,476,756,493,713,493,Viên
138,476,592,476,592,499,138,499,Clopidogrel hydrogen sulphat)
139,503,216,503,216,520,139,520,1 viên 8h
134,525,483,525,483,548,134,548,Fasthan 20mg (Pravastatin natri 20mg)
829,525,851,525,851,544,829,544,15
96,525,108,525,108,542,96,542,2
713,525,758,525,758,542,713,542,Viên
136,552,243,552,243,571,136,571,1122 viên 20hi
134,573,596,573,596,596,134,596,Lisiplus HCT 10/12,5 (Lisinopril (dihydrat) 10mg + 19
94,600,104,600,104,617,94,617,3
715,600,759,600,759,618,715,618,Viên
828,600,854,600,854,620,828,620,30
134,600,371,600,371,625,134,625,hydroclorothiazid 12,5mg)
135,627,213,627,213,643,135,643,1 viên 8h
131,648,677,648,677,673,131,673,Pomatat - 140mg + 158mg (Magnesi aspartat + kali aspartat)
833,648,859,648,859,668,833,668,30
91,648,102,648,102,664,91,664,4
716,648,761,648,761,665,716,665,Viên
134,675,215,675,215,696,134,696,1 viên 8h
132,699,369,699,369,720,132,720,Rabepagi 10 (Rabeprazol)
89,699,100,699,100,716,89,716,5
836,699,862,699,862,718,836,718,30
719,699,764,699,764,717,719,717,Viên
130,723,225,723,225,744,130,744,1 viên 20h
54,748,228,748,228,770,54,770,Cộng khoản: 5 loại
48,781,534,781,534,808,48,808,Lưu ý: Khám lại khi thấy bất thường và khi hết thuốc.
622,816,884,816,884,839,622,839,Ngày 14 tháng 10 năm 2021
98,841,175,841,175,864,98,864,Kế toán
449,841,561,841,561,864,449,864,Người bệnh
271,841,353,841,353,858,271,858,Thủ kho
695,841,816,841,816,860,695,860,Bác sĩ khám
410,873,602,873,602,897,410,897,(Ký và ghi rõ họ, tên)
657,873,856,873,856,898,657,898,(Ký và ghi rõ họ, tên)
469,905,521,905,521,945,469,945,GU
412,987,614,987,614,1040,412,1040,Day clve
693,1031,823,1031,823,1055,693,1055,Hoàng Thị Cúc
