404,24,512,24,512,83,404,83,3100
20,42,343,42,343,78,20,78,VIỆN ĐA KHOA TỈNH THANH HÓA
12,84,289,84,289,118,12,118,PHONTETCHIAH
634,84,829,84,829,101,634,101,Mã BN:2101009507
634,120,781,120,781,141,634,141,Số: 211001936
14,120,183,120,183,139,14,139,BỆNH VIỆN ĐẠ H
3,139,288,139,288,202,3,202,LÀ DA DANG TH
374,139,572,139,572,161,374,161,Mã hồ sơ: 21101400060
633,150,860,150,860,174,633,174,Kho:110-Kho Ngoại trúc
281,193,662,193,662,225,281,225,ĐƠN THUỐC BẢO HIẾM
759,193,913,193,913,225,759,225,KKB.43258
27,235,307,235,307,260,27,260,Họ tên: hoàng hữu nha
655,235,745,235,745,258,655,258,Tuổi: 73
28,267,128,267,128,289,28,289,Đổi tượng:
162,267,311,267,311,288,162,288,Bảo Hiểm Y Tế
656,267,851,267,851,287,656,287,SĐT: 0987 614 095
22,299,346,299,346,320,22,320,Số thẻ BHYT: HT23827960152210
532,299,781,299,781,319,532,319,Nơi ĐK KCB BĐ: 382800
22,324,816,324,816,351,22,351,Địa chỉ: Tổ 15, Quảng Thắng, Thành phố Thanh Hóa, Tỉnh Thanh Hóa, Việt Nam
18,351,884,351,884,386,18,386,Chấn đoán: E11 - Bệnh đái thảo đường không phụ thuộc insuline / 110 - Bệnh lý tăng huyết
139,386,175,386,175,408,139,408,áp 1
20,408,255,408,255,435,20,435,Phòng: Phòng khám 337
31,452,75,452,75,469,31,469,STT
275,452,506,452,506,477,275,477,Tên thuốc - Cách dùng
812,452,902,452,902,476,812,476,Số lượng
719,452,769,452,769,469,719,469,ĐVT
90,487,504,487,504,512,90,512,BETICAPC 750 SR - 750mg (Metformin)
30,504,50,504,50,520,30,520,L
844,504,871,504,871,526,844,526,60
720,504,766,504,766,523,720,523,Viên
84,519,387,519,387,545,84,545,Ngày uống 1 viên sau ăn chiều
86,545,604,545,604,572,86,572,Gliclada 60mg modified - release tablets (Gliclazid)
45,545,56,545,56,563,45,563,2
721,561,768,561,768,580,721,580,Viên
844,561,872,561,872,583,844,583,60
82,572,385,572,385,596,82,596,Ngày uống 1 viên sau ăn chiều thu
84,597,317,597,317,620,84,620,Zondoril 10 (Enalapril)
41,597,52,597,52,615,41,615,3
722,613,770,613,770,632,722,632,Viên
844,613,871,613,871,634,844,634,60
79,623,323,623,323,649,79,649,Uống sáng 1 viên lúc 8h thu
4,653,191,653,191,677,4,677,Cộng khoản: 3 loại
0,684,523,684,523,714,0,714,Lưu ý: Khám lại khi thấy bất thường và khi hết thuốc.
617,727,892,727,892,751,617,751,Ngày 14 tháng 10 năm 2021
52,747,134,747,134,771,52,771,Kế toán
240,747,328,747,328,766,240,766,Thủ kho
431,747,550,747,550,771,431,771,Người bệnh
692,757,818,757,818,776,692,776,Bác sĩ khám
389,784,594,784,594,809,389,809,(Ký và ghi rõ họ, tên)
651,784,859,784,859,809,651,809,(Ký và ghi rõ họ, tên)
413,819,519,819,519,893,413,893,Mha
706,852,811,852,811,893,706,893,Mur
367,894,631,894,631,976,367,976,Hrung hiếu Ma
673,945,837,945,837,971,673,971,Trần Quang Mạnh
