592,5,614,5,614,15,592,15,So3
115,78,483,78,483,114,115,114,BỆNH VIỆ: ĐA KHOA TỈNH THANH HÓA
648,113,832,113,832,130,648,130,Mã BN:21100161020
99,122,407,122,407,148,99,148,SỞ Y TẾ THÀNH HỚACKT - ANH
649,142,785,142,785,163,649,163,Số: 211001961
70,152,339,152,339,174,70,174,BỆNH VIỆN ĐA KHOA TÍNH
146,174,493,174,493,205,146,205,08.ĐA ĐANG MÀ HƠN
552,174,592,174,592,188,552,188,10148
648,174,863,174,863,195,648,195,Kho:110-Kho Ngoại trú
316,217,678,217,678,246,316,246,ĐƠN THUỐC BẢO HIẾM
768,217,921,217,921,248,768,248,KKB.43282
74,253,333,253,333,279,74,279,Họ tên: nguyễn nho sỸ
669,253,755,253,755,276,669,276,Tuổi: 55
94,287,191,287,191,309,94,309,Đối tượng:
200,287,343,287,343,308,200,308,Bảo Hiểm Y Tến
670,287,855,287,855,304,670,304,SĐT: 0977 908 431
73,315,385,315,385,337,73,337,Số thẻ BHYT: GD4383822987350
555,315,790,315,790,333,555,333,Nơi ĐK KCB BĐ: 38583
70,339,665,339,665,366,70,366,Địa chỉ: Trường Giang, Nông Cống, Tỉnh Thanh Hóa, Việt Nam
67,366,904,366,904,397,67,397,Chấn đoán: 125 - Bệnh tim thiếu máu cục bộ mạn /E78 - Rối loạn chuyển hóa lipoprotein và
179,397,875,397,875,423,179,423,tinh trạng tăng lipid máu khác;110 - Bệnh lý tăng huyết áp;120 - Cơn đau thắt thuy
175,423,872,423,872,454,175,454,ngực;K21 - Bệnh trào ngược dạ dày - thực quản / Cơn đau thắt ngực ổn định
68,454,295,454,295,480,68,480,Phòng: Phòng khám 2199
79,485,123,485,123,502,79,502,STT
824,485,910,485,910,509,824,509,Số lượng
311,485,532,485,532,508,311,508,Tên thuốc - Cách dùng
735,485,783,485,783,502,735,502,ĐVT
137,523,499,523,499,545,137,545,Fasthan 20mg (Pravastatin natri 20mg)
99,523,106,523,106,539,99,539,1
738,523,784,523,784,542,738,542,Viên
856,523,883,523,883,543,856,543,30
136,550,208,550,208,573,136,573,1 2 vao tho cho
132,573,601,573,601,599,132,599,Limoren - 75mg 1 100mg (Clopidogrel + Aspirin)
94,573,105,573,105,590,94,590,2
856,573,882,573,882,593,856,593,30
736,573,781,573,781,591,736,591,Viên
136,599,194,599,194,621,136,621,1v8h
133,624,384,624,384,649,133,649,Rabepagi 10 (Rabeprazol)
92,624,102,624,102,641,92,641,3
858,624,884,624,884,644,858,644,30
738,624,783,624,783,642,738,642,Viên
131,649,226,649,226,670,131,670,01 V 20H
131,672,483,672,483,698,131,698,Vaspycar MR - 35mg (Trimetazidin)
89,672,101,672,101,690,89,690,4
740,672,786,672,786,691,740,691,Viên
859,688,885,688,885,708,859,708,30
129,700,186,700,186,722,129,722,1v 8h
53,731,233,731,233,753,53,753,Cộng khoản: 4 loại
49,760,550,760,550,786,49,786,Lưu ý: Khám lại khi thấy bất thường và khi hết thuốc.
641,796,905,796,905,820,641,820,Ngày 14 tháng 10 năm 2021
101,821,180,821,180,844,101,844,Kế toán
283,821,367,821,367,840,283,840,Thủ khoa
464,821,578,821,578,844,464,844,Người bệnh
714,821,836,821,836,841,714,841,Bác sĩ khám
426,852,621,852,621,878,426,878,(Ký và ghi rõ họ, tên)
675,852,874,852,874,876,675,876,(Ký và ghi rõ họ, tên)
453,883,572,883,572,963,453,963,Clit
507,970,666,970,666,1044,507,1044,ISHOG
377,1044,539,1044,539,1116,377,1116,Kquyên d
721,1012,829,1012,829,1037,721,1037,Lê Thị Xuân
