218,8,244,8,244,21,218,21,TIN
45,8,217,8,217,31,45,31,BNN VIỆN ĐATHOS T
209,30,318,30,318,52,209,52,KKFFAL
71,40,128,40,128,63,71,63,PHO
119,40,203,40,203,62,119,62,ANCAL
638,40,823,40,823,59,638,59,Mã BN:2106007744
51,66,341,66,341,101,51,101,BỆNH YIỆN DY KHOA THÁNH
640,66,777,66,777,87,640,87,Số: 211001937
394,105,581,105,581,123,394,123,Mã hồ sơ: 2110140023
636,105,852,105,852,126,636,126,Kho:110-Kho Ngoại trú
307,144,666,144,666,171,307,171,ĐƠN THUỐC BẢO HIẾM NHI
756,144,908,144,908,175,756,175,KKB.43263
64,184,267,184,267,207,64,207,Họ tên: lê huy sơn
657,184,743,184,743,206,657,206,Tuổi: 59
66,209,333,209,333,234,66,234,Đối tượng: Bảo Hiểm Y Tế
659,209,733,209,733,227,659,227,SĐT: O
64,240,370,240,370,261,64,261,Số thẻ BHYT: HC4382798086349
541,240,778,240,778,258,541,258,Nơi ĐK KCB BĐ: 382800
60,265,864,265,864,292,60,292,Địa chi: 02 Nguyễn Chế Nghĩa, Tân Sơn, Thành phố Thanh Hóa, Tỉnh Thanh Hóa, Việt Nam
56,293,877,293,877,322,56,322,Chấn đoán ĐEI - Bệnh đái tháo đường không phụ thuộc insuline/110 - Bệnh lý tăng huyết trung
170,325,203,325,203,345,170,345,cáp /
62,346,283,346,283,374,62,374,Phòng: Phòng khám 337
70,388,112,388,112,404,70,404,STT
298,388,516,388,516,412,298,412,Tên thuốc - Cách dùng
810,388,896,388,896,412,810,412,Số lượng
720,388,768,388,768,404,720,404,ĐVT
124,422,514,422,514,445,124,445,BETICAPC 750 SR - 750mg (Metformin)
79,440,93,440,93,452,79,452,1
721,440,765,440,765,457,721,457,Viên
840,440,866,440,866,460,840,460,60
123,455,404,455,404,476,123,476,Ngày uống 1 viên sau ăn chiều
123,476,482,476,482,498,123,498,Fasthan 20mg (Pravastatin natri 20mg)
83,476,93,476,93,492,83,492,2
840,493,866,493,866,513,840,513,60
723,493,766,493,766,510,723,510,Viên
123,501,276,501,276,522,123,522,Ngày 1 viên 20h
120,522,611,522,611,549,120,549,Gliclada 60mg modified - release tablets (Gliclazid)
79,522,90,522,90,539,79,539,3
721,539,766,539,766,557,721,557,Viên
840,539,867,539,867,560,840,560,60
116,555,424,555,424,578,116,578,Ngày uống 01 viên trước ăn sáng
46,578,220,578,220,602,46,602,Cộng khoản: 3 loại
38,605,529,605,529,632,38,632,Lưu ý: Khám lại khi thấy bất thường và khi hết thuốc.
618,646,883,646,883,669,618,669,Ngày 14 tháng 10 năm 2021
92,664,168,664,168,686,92,686,Kế toán
267,664,349,664,349,682,267,682,Thủ kho
444,664,556,664,556,686,444,686,Người bệnh
692,676,815,676,815,695,692,695,Bác sĩ khám
404,700,597,700,597,725,404,725,(Ký và ghi rõ họ, tên)
652,700,853,700,853,723,652,723,(Ký và ghi rõ họ, tên)
117,753,160,753,160,784,117,784,Igly
727,753,820,753,820,799,727,799,luwly
672,854,831,854,831,879,672,879,Trần Quang Mạnh
