81,9,431,9,431,36,81,36,BỆ VII VIỆN THÀNH HÓA
659,9,847,9,847,29,659,29,Mã BN:2108007073
70,41,389,41,389,72,70,72,BỆNH VIỆN ĐA KHOA KÌNH A1
661,41,801,41,801,62,661,62,Số: 211001930
412,79,603,79,603,98,412,98,Mã hồ sơ: 2110130096
660,79,883,79,883,100,660,100,Kho:110-Kho Ngoại trú
123,79,403,79,403,111,123,111,13. ĐÃ ĐĂNG KÝ
1,95,37,95,37,124,1,124,DA
318,113,691,113,691,146,318,146,ĐƠN THUỐC BẢO HIẾM
782,113,935,113,935,142,782,142,KKB.43256
682,153,769,153,769,175,682,175,Tuổi: 56
74,152,363,152,363,183,74,183,Họ tên: NGUYỄN ĐÌNH SƠN
206,185,351,185,351,207,206,207,Bảo Hiểm Y Tế
682,185,762,185,762,207,682,207,SĐT: 00
76,185,172,185,172,207,76,207,Đối tượng:
3,185,15,185,15,202,3,202,gi
73,213,386,213,386,235,73,235,Số thẻ BHYT: HC4382796009741
566,213,805,213,805,234,566,234,Nơi ĐK KCB BĐ: 38280
19,241,42,241,42,263,19,263,Tề
77,241,149,241,149,262,77,262,Địa chỉ:
164,241,917,241,917,266,164,266,SS 17/23 Phan Bội Châu, Ba Đình, Thành Hóa, Tỉnh Thanh Hóa, Việt Nam
70,271,892,271,892,301,70,301,Chấn đoán Đại - Bệnh đái tháo đường không phụ thuộc insuline / E78 - Rối loạn chuyển
5,271,34,271,34,290,5,290,bán:
179,301,863,301,863,332,179,332,hóa lipoprotein và tình trạng tăng lipid máu khác;110 - Bệnh lý tăng huyết
8,320,40,320,40,341,8,341,Phò
183,332,932,332,932,359,183,359,Tháp;K75 - Bệnh viêm gan khác;M10 - Gút (thống phong);N39.0 - Nhiễm khuần hệ thu
181,359,474,359,474,386,181,386,tiết niệu, vị trí không xác định /
69,386,296,386,296,412,69,412,Phòng: Phòng khám 2019
17,386,37,386,37,414,17,414,C
80,420,124,420,124,441,80,441,STT
839,420,926,420,926,444,839,444,Số lượng
749,420,799,420,799,437,749,437,ĐVT
317,420,542,420,542,444,317,444,Tên thuốc - Cách dùng
21,420,38,420,38,440,21,440,ar
21,453,35,453,35,475,21,475,2
140,453,560,453,560,476,140,476,Coveram 5mg/5mg - 5mg; 5mg (Perindopril)
94,487,106,487,106,500,94,500,1
871,487,898,487,898,507,871,507,60
751,487,797,487,797,504,751,504,Viên
139,487,347,487,347,508,139,508,arginine+Amlodipine)
139,512,345,512,345,533,139,533,22 viên chia sáng chiều th
138,537,463,537,463,560,138,560,Diamicron MR 60mg (Gliclazide)
97,537,108,537,108,555,97,555,2
875,537,902,537,902,558,875,558,60
753,537,800,537,800,555,753,555,Viên
140,564,280,564,280,585,140,585,2 viên trước ăn
4,588,31,588,31,612,4,612,ng k
138,588,510,588,510,610,138,610,Lipanthyl 200M - 200mg (Fenofibrate)
95,588,106,588,106,606,95,606,3
877,588,904,588,904,609,877,609,30
754,588,801,588,801,606,754,606,Viên
136,616,235,616,235,635,136,635,1 viên 20h
3,616,27,616,27,638,3,638,u ý
59,643,240,643,240,668,59,668,Cộng khoản: 3 loại
52,675,560,675,560,702,52,702,Lưu ý: Khám lại khi thấy bất thường và khi hết thuốc
655,708,925,708,925,735,655,735,Ngày 13 tháng 10 năm 2021
105,732,185,732,185,762,105,762,Kế toán
472,732,589,732,589,756,472,756,Người bệnh
287,732,373,732,373,754,287,754,Thủ kho
731,739,870,739,870,760,731,760,Bác sĩ khám
434,767,633,767,633,791,434,791,(Ký và ghi rõ họ, tên)
693,767,896,767,896,789,693,789,(Ký và ghi rõ họ, tên)
479,811,561,811,561,854,479,854,Chou
510,857,582,857,582,919,510,919,Đong
554,920,565,920,565,941,554,941,1
705,920,889,920,889,947,705,947,Nguyễn Trùng Dũng
435,956,701,956,701,1048,435,1048,Phương Viên Dong
