115,7,298,7,298,30,115,30,Xa nhà khu ky
15,27,368,27,368,62,15,62,BỆNH VIỆN ĐA KHOA TÍNH THANH HÓA
428,27,546,27,546,71,428,71,36V7
51,64,314,64,314,95,51,95,PHÒNG TCKT: A1
601,111,790,111,790,130,601,130,MÃ BN:2101019924
19,111,317,111,317,145,19,145,1900 THÀNG KÝ
604,141,744,141,744,162,604,162,Số: 211001954
13,151,285,151,285,172,13,172,BỆNH VIỆN ĐÁ KHOA TINH
603,171,825,171,825,193,603,193,Kho:110-Kho Ngoại trúc
356,171,544,171,544,189,356,189,Mà ho sơ: 2110140073
724,211,881,211,881,241,724,241,KKB.43274
263,211,628,211,628,243,263,243,ĐƠN THUỐC BẢO HIẾM NHI
22,252,336,252,336,281,22,281,Họ tên: nguyễn hữu trọng
623,252,711,252,711,275,623,275,Tuổi: 53
145,285,288,285,288,306,145,306,Bảo Hiểm Y Tế
620,285,813,285,813,305,620,305,SĐT: 0912111663
20,285,116,285,116,307,20,307,Đối tượng:
18,316,328,316,328,337,18,337,Số thẻ BHYT: BT238382272952000
504,316,745,316,745,336,504,336,Nơi ĐK KCB BĐ: 38502
15,340,754,340,754,370,15,370,Địa Chỉ: TK Nga Lộ 1, Thị trấn Nga Sơn, Nga Sơn, Tỉnh Thanh Hóa, Việt Nam
14,370,837,370,837,402,14,402,Chấn đoán: 150 - Suy tim / D68 - Các bất thường đông máu khác; 110 - Bệnh lý tăng huyết thuy
126,402,629,402,629,429,126,429,Cháp 120 - Cơn đau thắt ngực / Cơn đau thắt ngực ổn định
16,429,241,429,241,455,16,455,Phòng: Phòng khám 219
28,464,72,464,72,481,28,481,STT
260,464,482,464,482,488,260,488,Tên thuốc - Cách dùng
685,464,734,464,734,481,685,481,ĐVT
779,464,868,464,868,488,779,488,Số lượng
82,501,529,501,529,527,82,527,Savispirono-Plus - 20mg (Furosemid + 19)
40,532,52,532,52,547,40,547,1
85,532,214,532,214,551,85,551,spironolacton)
809,532,836,532,836,553,809,553,30
687,532,732,532,732,550,687,550,Viên
82,556,165,556,165,579,82,579,1v2 v 8h
81,580,431,580,431,608,81,608,Vaspycar MR - 35mg (Trimetazidin)
38,580,50,580,50,597,38,597,2
687,597,733,597,733,615,687,615,Viên
810,597,837,597,837,619,810,619,60
83,608,140,608,140,629,83,629,1 88
78,631,301,631,301,655,78,655,Zondoril 10 (Enalapril)
38,631,49,631,49,649,38,649,3
690,631,737,631,737,650,690,650,Viên
810,648,837,648,837,669,810,669,60
78,657,132,657,132,678,78,678,lv 8h
4,687,181,687,181,711,4,711,Cộng khoản: 3 loại th
0,719,498,719,498,745,0,745,Lưu ý: Khám lại khi thấy bất thường và khi hết thuốc.
588,756,856,756,856,780,588,780,Ngày 14 tháng 10 năm 2021
53,778,129,778,129,803,53,803,Kế toán
228,778,314,778,314,797,228,797,Thủ khoa
410,778,523,778,523,802,410,802,Người bệnh
662,785,785,785,785,805,662,805,Bác sĩ khám
370,812,567,812,567,838,370,838,(Ký và ghi rõ họ, tên)
622,812,824,812,824,837,622,837,(Ký và ghi rõ họ, tên)
395,845,553,845,553,960,395,960,Tas
53,871,102,871,102,908,53,908,MT
667,972,778,972,778,994,667,994,Lê Thị Xuân
342,972,644,972,644,1062,342,1062,Nggi tú Ino
