619,9,734,9,734,36,619,36,DUY
14,9,358,9,358,39,14,39,BỆNH VIỆN ĐÀ KHOA TỈNH THANH HÓA
49,65,304,65,304,96,49,96,PH(SỞ VT THÁNH THỐA
637,65,816,65,816,82,637,82,Mã BN:2101011096
636,97,770,97,770,118,636,118,Số: 211001949
23,97,336,97,336,163,23,163,OSENADARCHY
398,129,581,129,581,144,398,144,Mã hồ sơ: 2110140268
634,129,843,129,843,154,634,154,Kho:110-Kho Ngoại trú
308,167,662,167,662,195,308,195,ĐƠN THUỐC BẢO HIẾM NHI
753,167,900,167,900,195,753,195,KKB.43295
73,200,314,200,314,225,73,225,Họ tên: lê xuân thơm
657,200,741,200,741,223,657,223,Tuổi: 70
194,235,334,235,334,254,194,254,Bảo Hiểm Y Tế
73,235,168,235,168,257,73,257,Đối tượng:
657,235,840,235,840,253,657,253,SĐT: 0969 601 366
71,263,374,263,374,282,71,282,Số thẻ BHYT: HT2382797056379
543,263,774,263,774,283,543,283,Nơi ĐK KCB BĐ: 38280
68,289,782,289,782,315,68,315,Địa chi: Tổ 05, Hàm Rồng, Thành phố Thanh Hóa, Tỉnh Thanh Hóa, Việt Nam
67,316,874,316,874,347,67,347,Chấn đoán: El1 - Bệnh đái tháo đường không phụ thuộc insuline /110 - Bệnh lý tăng huyết
180,348,213,348,213,367,180,367,áp /
69,367,290,367,290,392,69,392,Phòng: Phòng khám 326
79,408,121,408,121,424,79,424,STT
806,408,890,408,890,434,806,434,Số lượng
306,408,521,408,521,433,306,433,Tên thuốc - Cách dùng
720,408,767,408,767,424,720,424,ĐVT
134,444,517,444,517,467,134,467,BETICAPC 750 SR - 750mg (Metformin)
90,461,104,461,104,475,90,475,1
723,461,765,461,765,478,723,478,Viên
837,461,863,461,863,481,837,481,60
135,472,417,472,417,495,135,495,Ngày uống 1 viên sau ăn chiều.
134,495,613,495,613,518,134,518,Gliclada 60mg modified - release tablets (Gliclazid)
94,495,105,495,105,511,94,511,2
833,495,869,495,869,515,833,515,120
723,495,766,495,766,517,723,517,Viên
134,520,496,520,496,542,134,542,Ngày uông 2 viên trước ăn sáng 30 phút
133,544,350,544,350,567,133,567,Zondoril 10 (Enalapril)
91,544,102,544,102,561,91,561,3
724,544,767,544,767,561,724,561,Viên
841,544,867,544,867,563,841,563,60
130,569,329,569,329,590,130,590,Ngày uồng 1 viên 8h.
57,597,231,597,231,618,57,618,Cộng khoản: 3 loại
52,625,539,625,539,650,52,650,Lưu ý: Khám lại khi thấy bất thường và khi hết thuốc.
630,660,886,660,886,681,630,681,Ngày 14 tháng 10 năm 2021
102,684,178,684,178,705,102,705,Kế toán
278,684,361,684,361,703,278,703,Thủ kho
455,684,565,684,565,708,455,708,Người bệnh
701,684,819,684,819,701,701,701,Bác sĩ khám
420,716,608,716,608,738,420,738,(Ký và ghi rõ họ, tên)
664,716,858,716,858,737,664,737,(Ký và ghi rõ họ, tên)
468,757,569,757,569,849,468,849,HL
701,861,819,861,819,881,701,881,Lê Văn Chinh
620,861,696,861,696,893,620,893,Tim
547,886,603,886,603,912,547,912,Wom
449,886,538,886,538,938,449,938,Nour
