163,18,616,18,616,71,163,71,SỞ Y TẾ THANH HỒ A 1
1149,18,1474,18,1474,48,1149,48,Mã BN:2101010429
106,85,650,85,650,153,106,153,BỆNH VIÊN ĐAK VINH
1152,85,1393,85,1393,121,1152,121,Số: 211002005
1871,85,1909,85,1909,110,1871,110,OVER
718,146,1050,146,1050,177,718,177,Mã hồ sơ: 2110150031
1152,146,1535,146,1535,184,1152,184,Kho:110-Kho Ngoại trú
557,213,1206,213,1206,265,557,265,ĐƠN THUỐC BẢO HIẾM
1366,213,1625,213,1625,258,1366,258,KKB.43319
112,275,533,275,533,320,112,320,Họ tên: trần văn cự
1188,275,1339,275,1339,314,1188,314,Tuổi: 76
113,334,293,334,293,375,113,375,Đối tượng:
349,334,609,334,609,373,349,373,Bảo Hiểm Y Tế
1191,334,1292,334,1292,367,1191,367,SĐT:
111,387,676,387,676,425,111,425,Số thẻ BHYT: CC1383820142760
982,387,1403,387,1403,420,982,420,Nơi ĐK KCB BĐ: 38280
101,425,1436,425,1436,472,101,472,Xã Địa chỉ: ái Sơn 1, Đông Hải, Thành phố Thanh Hóa, Tỉnh Thanh Hóa, Việt Nam
104,474,1610,474,1610,528,104,528,Chấn đoán: 125.5 - Bệnh cơ tim do thiếu máu cục bộ/ E78 - Rối loạn chuyển hóa lipoprotein
306,528,1602,528,1602,582,306,582,và tình trạng tăng lipid máu khác;110 - Bệnh lý tăng huyết áp,120 - Cơn đau thắt
298,582,1537,582,1537,641,298,641,ngực; K21 - Bệnh trào ngược dạ dày - tơn đau thắt ngực ổn định
110,641,518,641,518,686,110,686,Phòng: Phòng khám 2199
133,693,210,693,210,723,133,723,STT
556,693,952,693,952,735,556,735,Tên thuốc - Cách dùng
1309,693,1394,693,1394,722,1309,722,ĐVT
1467,693,1619,693,1619,734,1467,734,Số lượng
234,765,754,765,754,811,234,811,Aspirin 100 - 100mg (Aspirin)
170,765,180,765,180,794,170,794,1
1323,765,1382,765,1382,796,1323,796,Gói
1519,765,1564,765,1564,800,1519,800,30
237,813,657,813,657,854,237,854,1 gói sâu ăn no buổi sáng là
236,856,891,856,891,899,236,899,Fasthan 20mg (Pravastatin natri 20mg)
164,856,183,856,183,885,164,885,2
1315,856,1396,856,1396,889,1315,889,Viên
1522,856,1568,856,1568,890,1522,890,30
240,901,365,901,365,936,240,936,1v20h
232,941,1097,941,1097,986,232,986,Lisiplus HCT 10/12,5 (Lisinopril (dihydrat) 10mg + 19
163,989,180,989,180,1017,163,1017,3
1319,989,1400,989,1400,1022,1319,1022,Viên
1527,989,1572,989,1572,1023,1527,1023,30
237,989,677,989,677,1027,237,1027,"hydroclorothiazid 12,5mg)
237,1040,338,1040,338,1076,237,1076,1v8h
235,1083,678,1083,678,1121,235,1121,Rabepagi 10 (Rabeprazol)
159,1083,180,1083,180,1112,159,1112,4
1530,1083,1576,1083,1576,1118,1530,1118,30
1320,1083,1400,1083,1400,1113,1320,1113,Viên
225,1129,399,1129,399,1174,225,1174,01 220H
225,1174,858,1174,858,1218,225,1218,Vaspycar MR - 35mg (Trimetazidin)
158,1174,177,1174,177,1203,158,1203,5
1530,1174,1576,1174,1576,1209,1530,1209,30
1320,1174,1399,1174,1399,1204,1320,1204,Viên
221,1218,330,1218,330,1260,221,1260,lv 8h
103,1261,417,1261,417,1302,103,1302,Cộng khoản: 5 loại
84,1323,979,1323,979,1372,84,1372,Lưu ý: Khám lại khi thấy bất thường và khi hết thuốc
1148,1387,1613,1387,1613,1426,1148,1426,Ngày 15 tháng 10 năm 2021
184,1427,322,1427,322,1467,184,1467,Kế toán
495,1427,646,1427,646,1457,495,1457,Thủ kho
826,1427,1032,1427,1032,1467,826,1467,Người bệnh
1276,1427,1491,1427,1491,1458,1276,1458,Bác sĩ khám
753,1488,1105,1488,1105,1528,753,1528,(Ký và ghi rõ họ, tên)
1211,1488,1562,1488,1562,1528,1211,1528,(Ký và ghi rõ họ, tên)
935,1576,963,1576,963,1597,935,1597,V
968,1576,1055,1576,1055,1624,968,1624,M
1290,1765,1484,1765,1484,1802,1290,1802,Lê Thị Xuân
57,2373,1107,2373,1107,2416,57,2416,ThisofH- ggười in: Lê Thị Xuân, ngày in: 15/10/2021 08:01
908,2520,1161,2520,1161,2554,908,2554,011//002108:06
