656,3,725,3,725,18,656,18,Mabin
749,3,817,3,817,15,749,15,TUTUUG
57,3,207,3,207,20,57,20,SOYTETHAN
656,29,805,29,805,49,656,49,Số: 211001950
19,29,371,29,371,55,19,55,BỆNH VIỆN ĐÁ KHOA TÍNH - A1
446,63,594,63,594,80,446,80,Sơ: 2110140164
653,63,888,63,888,90,653,90,Kho:110-Kho Ngoại trú
395,63,443,63,443,77,395,77,Mã hội
88,81,369,81,369,116,88,116,10. ĐÀ ĐĂNG KY
286,116,686,116,686,148,286,148,ĐƠN THUỐC BẢO HIẾM
786,100,945,100,945,132,786,132,KKB.43288
676,138,770,138,770,165,676,165,Tuổi: 58
27,138,248,138,248,167,27,167,Họ tên: lê thị nga
161,174,318,174,318,199,161,199,Bảo Hiểm Y Tến
678,174,743,174,743,193,678,193,SĐT
32,174,135,174,135,196,32,196,Đối tượng
139,174,160,174,160,183,139,183,CON
26,205,362,205,362,233,26,233,SỐ THẾ BHYT: BT2383822283525
552,205,809,205,809,224,552,224,Nơi ĐK KCB BĐ: 384320
25,240,788,240,788,266,25,266,Địa chỉ: phú thượng 2, Hoằng Phú, Hoằng Hóa, Tỉnh Thanh Hóa, Việt Nam
22,268,933,268,933,299,22,299,Chấn đoán: 125.5 - Bệnh cơ tim do thiếu máu cục bộ/E78 - Rối loạn chuyển hóa lipoprotein
142,300,941,300,941,327,142,327,và tình trạng tăng lipid máu khác;110 - Bệnh lý tăng huyết áp;149 - Loạn nhịp tim
139,327,944,327,944,358,139,358,khác;150 - Suy tim;K21 - Bệnh trào ngược dạ dày - thực quản / cơn đau thắt ngực
145,358,220,358,220,381,145,381,sốn định
23,381,269,381,269,407,23,407,Phòng: Phòng khám 208
32,428,80,428,80,445,32,445,STT
847,428,940,428,940,455,847,455,Số lượng
749,428,803,428,803,446,749,446,ĐVT
287,428,528,428,528,452,287,452,Tên thuốc - Cách dùng
96,465,492,465,492,488,96,488,Fasthan 20mg (Pravastatin natri 20mg)
45,481,61,481,61,498,45,498,1
880,481,908,481,908,502,880,502,60
751,481,799,481,799,499,751,499,Viên
98,495,192,495,192,517,98,517,1 viên tối
93,519,603,519,603,545,93,545,Limoren - 75mg + 100mg (Clopidogrel + Aspirin)
48,519,63,519,63,542,48,542,2
882,519,911,519,911,541,882,541,60
753,519,803,519,803,538,753,538,Viên
95,548,190,548,190,570,95,570,1 viên 8h
92,575,363,575,363,598,92,598,Rabepagi 10 (Rabeprazol)
47,575,59,575,59,593,47,593,3
884,575,913,575,913,596,884,596,60
754,575,805,575,805,594,754,594,Viên
89,600,360,600,360,627,89,627,1 viên trước ăn sáng 1 giờ được
85,627,474,627,474,658,85,658,Vaspycar MR - 35mg (Trimetazidin)
47,627,60,627,60,645,47,645,4
885,627,914,627,914,649,885,649,60
755,627,806,627,806,647,755,647,Viên
88,658,186,658,186,682,88,682,1 viện 8h
86,682,333,682,333,708,86,708,Zondoril 10 (Enalapril)
888,682,917,682,917,704,888,704,60
44,682,57,682,57,701,44,701,5
757,682,808,682,808,700,757,700,Viên
85,712,185,712,185,735,85,735,1 viên 8h
5,743,201,743,201,767,5,767,Cộng khoản: 5 loại
0,779,549,779,549,808,0,808,Lưu ý: Khám lại khi thấy bất thường và khi chuống
652,816,938,816,938,839,652,839,Ngày 14 tháng 10 năm 2021
455,841,580,841,580,865,455,865,Người bệnh
55,841,143,841,143,866,55,866,Kế toán
256,841,348,841,348,861,256,861,Thủ khoa
731,841,863,841,863,861,731,861,Bác sĩ khám
410,876,625,876,625,901,410,901,(Ký và ghi rõ họ, tên)
689,876,907,876,907,902,689,902,(Ký và ghi rõ họ, tên)
55,902,122,902,122,986,55,986,NG
435,902,552,902,552,953,435,953,Onda
445,999,635,999,635,1070,445,1070,Vi Tuy
724,1046,866,1046,866,1071,724,1071,Hoàng Thị Cúc
