536,14,721,14,721,33,536,33,Mã BN:2101012290
656,80,855,80,855,99,656,99,Mã BN:2110016044
51,80,401,80,401,112,51,112,BỆSỞ VIỆN THANH HÓAH THANH HÓA
655,106,802,106,802,129,655,129,Số: 211001965
42,119,366,119,366,150,42,150,BỆNH YINH KHOA TỈNH A1
395,147,593,147,593,164,395,164,Mã hồ sơ: 2110140071
655,147,888,147,888,170,655,170,Kho:110-Kho Ngoại trú
84,170,694,170,694,223,84,223,09. ĐÃ ĐĂNG NƠN THUỐC BẢO HIẾM
789,170,943,170,943,194,789,194,KKB.43287
678,225,770,225,770,248,678,248,Tuổi: 72
44,225,333,225,333,253,44,253,Họ tên: nguyễn thị liệu
678,259,742,259,742,277,678,277,SĐT:
174,259,326,259,326,283,174,283,Bảo Hiểm Y Tế
74,259,172,259,172,281,74,281,Đối tượng:
554,293,809,293,809,312,554,312,Nơi ĐK KCB BĐ: 382800
42,293,366,293,366,315,42,315,Số thẻ BHYT:CK2383820235471
44,324,742,324,742,349,44,349,Địa chỉ: Đông Sơn, Thành phố Thanh Hóa, Tỉnh Thanh Hóa, Việt Nam
38,349,933,349,933,383,38,383,Chần đoán: 110 - Bệnh lý tăng huyết áp/ E78 - Rối loạn chuyển hóa lipoprotein và tình trạng
154,383,852,383,852,414,154,414,tăng lipid máu khác;120 - Cơn đau thắt ngực / cơn đau thắt ngực ổn, định
41,414,278,414,278,441,41,441,Phòng: Phòng khám 219
53,453,98,453,98,471,53,471,STT
843,453,935,453,935,480,843,480,Số lượng
296,453,530,453,530,478,296,478,Tên thuốc - Cách dùng
745,453,798,453,798,471,745,471,ĐVT
111,489,553,489,553,518,111,518,Coveram 5mg/5mg--mm; 5mg (Perindopril
73,521,80,521,80,538,73,538,1
875,521,904,521,904,542,875,542,30
750,521,799,521,799,540,750,540,Viên
108,521,326,521,326,544,108,544,argininetAmlodipine)
109,548,168,548,168,570,109,570,8h lv
106,572,499,572,499,599,106,599,Lipanthyl 200M - 200mg (Fenofibrate)
68,572,80,572,80,589,68,589,2
877,588,905,588,905,608,877,608,30
751,588,801,588,801,607,751,607,Viên
110,601,177,601,177,623,110,623,lv 20h
108,627,634,627,634,650,108,650,Vastarel MR - 35mg (Trimetazidine dihydrochloride)
67,627,78,627,78,645,67,645,3
751,643,800,643,800,662,751,662,Viên
880,643,908,643,908,665,880,665,60
106,655,237,655,237,677,106,677,18 hi vinh
31,685,215,685,215,709,31,709,Cộng khoản: 3 loại
25,719,550,719,550,744,25,744,Lưu ý: Khám lại khi thấy bất thường và khi c.
645,757,931,757,931,781,645,781,Ngày 14 tháng 10 năm 2021
76,779,158,779,158,802,76,802,Kế toán
264,779,353,779,353,799,264,799,Thủ kho
457,779,579,779,579,803,457,803,Người bệnh
724,788,857,788,857,807,724,807,Bác sĩ khám
413,815,622,815,622,842,413,842,(Ký và ghi rõ họ, tên)
684,815,901,815,901,841,684,841,(Ký và ghi rõ họ, tên)
39,815,145,815,145,898,39,898,Y
461,845,541,845,541,891,461,891,War
373,903,642,903,642,969,373,969,Nguyễn Thu lưu
732,987,851,987,851,1009,732,1009,Lê Thị Xuân
