491,19,602,19,602,64,491,64,VVO
4,70,350,70,350,103,4,103,BINH VIỆN ĐA KHOA TỈNH THANH HÓA
619,92,817,92,817,111,619,111,Mã BN:2110016025
34,108,298,108,298,136,34,136,PHƠNG HANKHOA A1
619,124,767,124,767,146,619,146,Số: 211001935
36,140,290,140,290,163,36,163,BỆNH VIỆN ĐA KHOA TINH
618,156,850,156,850,180,618,180,Kho:110-Kho Ngoại trúc
357,156,559,156,559,182,357,182,Mà hồ sơ: 2110140047
13,163,305,163,305,191,13,191,099 ĐÀ ĐANG KY
749,196,914,196,914,228,749,228,KKB.43265
268,196,647,196,647,226,268,226,ĐƠN THUỐC BẢO HIẾM
642,240,733,240,733,264,642,264,Tuổi: 43
20,240,220,240,220,264,20,264,Họ tên: đỗ bá đức
639,274,842,274,842,294,639,294,SĐT: 0913 096 266
151,274,299,274,299,296,151,296,Bảo Hiểm Y Tế
28,274,125,274,125,296,28,296,Đối tượng:
518,309,771,309,771,329,518,329,Nơi ĐK KCB BĐ: 382800
17,309,335,309,335,331,17,331,Số thẻ BHYT: TK4380104037338
16,344,862,344,862,371,16,371,Địa chỉ: Lô 76, MB 1636, Phú Sơn, Thành phố Thanh Hóa, Tỉnh Thanh Hóa, Việt Nam
11,371,859,371,859,406,11,406,Chấn đoán: El1 - Bệnh đái tháo đường không phụ thuộc insuline / E78 - Rối loạn chuyển
124,406,846,406,846,441,124,441,chóa lipoprotein và tình trạng tăng lipid máu khác;M47 - thoái hóa cột sống/
14,441,245,441,245,467,14,467,Phòng: Phòng khám 3371
804,458,897,458,897,484,804,484,Số lượng
708,458,760,458,760,477,708,477,ĐVT
26,469,70,469,70,486,26,486,STT
265,469,494,469,494,493,265,493,Tên thuốc - Cách dùng
82,505,490,505,490,528,82,528,BETICAPC 750 SR - 750mg (Metformin)
838,505,867,505,867,528,838,528,60
35,505,52,505,52,521,35,521,I
712,505,761,505,761,524,712,524,Viên
82,533,376,533,376,555,82,555,Ngày uống 1 viên sau ăn chiều
77,557,460,557,460,584,77,584,Fasthan 20mg (Pravastatin natri 20mg)
839,557,868,557,868,578,839,578,60
39,557,50,557,50,574,39,574,2
712,557,759,557,759,575,712,575,Viên
48,576,55,576,55,583,48,583,1
79,585,241,585,241,607,79,607,Ngày 1 viên 20h
79,609,592,609,592,632,79,632,Gliclada 60mg modified - release tablets (Gliclazid)
36,609,46,609,46,627,36,627,3
840,609,869,609,869,631,840,631,60
712,609,759,609,759,628,712,628,Viên
72,636,401,636,401,662,72,662,Ngày uống 01 viên trước ăn sáng
1,665,182,665,182,688,1,688,Cộng khoản: 3 loại
3,697,514,697,514,723,3,723,Lưu ý: Khám lại khi thấy bất thường và khốố..
607,733,889,733,889,757,607,757,Ngày 14 tháng 10 năm 2021
49,759,128,759,128,782,49,782,Kế toán
232,759,320,759,320,778,232,778,Thủ kho
423,759,541,759,541,783,423,783,Người bệnh
684,759,813,759,813,779,684,779,Bác sĩ khám
380,793,584,793,584,817,380,817,(Ký và ghi rõ họ, tên)
643,793,856,793,856,818,643,818,(Ký và ghi rõ họ, tên)
431,847,502,847,502,880,431,880,Dre
728,847,832,847,832,890,728,890,Muh
429,881,633,881,633,947,429,947,Dobadore
757,917,775,917,775,935,757,935,O
665,954,833,954,833,981,665,981,Trần Quang Mạnh
