117,211,837,211,837,273,117,273,BỆNH VIỆN ĐÃ KHOA TÍNH THANH HÓA
150,278,728,278,728,342,150,342,SỞ PHOTHANH CKT ANH
1294,278,1659,278,1659,310,1294,310,Mã BN:2110013954
95,342,210,342,210,374,95,374,BENH
329,342,469,342,469,360,329,360,DANN
1294,342,1566,342,1566,383,1294,383,Số: 211002074
187,374,770,374,770,446,187,446,10.ĐÃ ĐĂNG KY
799,374,840,374,840,401,799,401,Mã
869,374,970,374,970,402,869,402,HỒ SƠ:
971,374,1180,374,1180,405,971,405,22110120089
1296,394,1723,394,1723,435,1296,435,Kho:110-Kho Ngoại trú
609,453,1356,453,1356,518,609,518,ĐƠN THUỐC BẢO HIẾM
1537,453,1825,453,1825,507,1537,507,KKB.43391
99,541,669,541,669,591,99,591,Họ tên: PHẠM THỊ HUYỀN
1340,541,1509,541,1509,584,1340,584,Tuổi: 31
101,605,314,605,314,651,101,651,Đối tượng:
373,605,671,605,671,645,373,645,Bảo Hiểm Y Tế
1337,605,1707,605,1707,639,1337,639,SĐT: 0356323 1950
100,667,754,667,754,711,100,711,Số thẻ BHYT: GD4383815023547
1105,667,1579,667,1579,703,1105,703,Nơi ĐK KCB BĐ: 38496
96,723,1475,723,1475,766,96,766,Xã Địa Chỉ: Thôn Tam Hòa, Hòa Lộc, Hậu Lộc, Tỉnh Thanh Hóa, Việt Nam
101,784,1674,784,1674,837,101,837,Chu Chần đoàn: B18.1 - Viêm gan virus B mạn, không có đồng nhiễm viêm gan virus D Anh
105,859,568,859,568,901,105,901,Phòng: Phòng khám 329
133,947,218,947,218,980,133,980,STT
606,947,1058,947,1058,994,606,994,Tên thuốc - Cách dùng
1473,947,1569,947,1569,978,1473,978,ĐVT
1654,947,1822,947,1822,992,1654,992,Số lượng
259,1024,956,1024,956,1067,259,1067,Tenfovix - 300mg (Tenofovir (TDF))
1710,1024,1761,1024,1761,1067,1710,1067,30
1475,1024,1563,1024,1563,1058,1475,1058,Viên
173,1061,180,1061,180,1083,173,1083,I
248,1069,774,1069,774,1121,248,1121,1 viên/ngày, uống đúng giờ
108,1136,462,1136,462,1181,108,1181,Cộng khoản: 1 loại
93,1203,1093,1203,1093,1256,93,1256,Lưu ý: Khám lại khi thấy bất thường và khi chiết thuống và khi hết thuốc.
1285,1269,1802,1269,1802,1315,1285,1315,Ngày 15 tháng 10 năm 2021
206,1321,361,1321,361,1366,206,1366,Kế toán
561,1321,729,1321,729,1353,561,1353,Thủ kho
925,1321,1157,1321,1157,1364,925,1364,Người bệnh
1429,1321,1667,1321,1667,1354,1429,1354,Bác sĩ khám
848,1387,1240,1387,1240,1431,848,1431,(Ký và ghi rõ họ, tên)
1353,1387,1745,1387,1745,1428,1353,1428,(Ký và ghi rõ họ, tên)
255,1448,325,1448,325,1594,255,1594,U
905,1448,1067,1448,1067,1539,905,1539,fluys
824,1595,1158,1595,1158,1707,824,1707,Portelly
1439,1679,1657,1679,1657,1717,1439,1717,Lê Thị Dung
