59,45,415,45,415,77,59,77,BỊNH VIỆN ĐA KHOA TỈNH THANH HÓA
83,79,369,79,369,119,83,119,SỞ THÀNH HÓA - AI
634,79,809,79,809,95,634,95,MÀ BN:2103003092
635,119,765,119,765,137,635,137,Số: 211001955
76,119,383,119,383,154,76,154,BỆNH VIỆN ĐA KHOA TÍNH KÝ
401,151,579,151,579,167,401,167,Mà ho sơ: 21101401400
633,151,839,151,839,171,633,171,Kho:110-Kho Ngoại trúc
749,181,895,181,895,209,749,209,KKB.43275
315,181,660,181,660,210,315,210,ĐƠN THUỐC BẢO HIẾM
653,220,734,220,734,241,653,241,Tuổi: 32
85,220,344,220,344,245,85,245,Họ tên: Đào ngọc chính
655,251,833,251,833,268,655,268,SĐT: 0972556 8991
82,251,340,251,340,275,82,275,Đối tượng: Bảo Hiểm Y Tế
541,279,766,279,766,298,541,298,Nơi ĐK KCB BĐ: 38431
88,279,379,279,379,299,88,299,Số thẻ BHYT: BT238382231172000
80,305,726,305,726,335,80,335,Địa Chí: Thôn 1, Hoằng Phượng, Hoằng Hóa, Tỉnh Thanh Hóa, Việt Nam
82,335,863,335,863,362,82,362,Chấn đoán: 295.4 - Sự có mặt của van tim thay thế khác / D68 - Các bất thường đông máu thuy
184,362,852,362,852,388,184,388,1 0 khác;110 - Bệnh lý tăng huyết áp;120 - Cơn đau thắt ngực;150 - Suy tim / Cơn
187,388,375,388,375,414,187,414,đau thắt ngực ổn định
81,414,295,414,295,440,81,440,Phòng: Phòng khám 2199
93,445,135,445,135,461,93,461,STT
803,445,887,445,887,468,803,468,Số lượng
717,445,763,445,763,462,717,462,ĐVT
311,445,520,445,520,469,311,469,Tên thuốc - Cách dùng
146,484,453,484,453,507,146,507,Prolol Savi 10 - 10mg (Bisoprolol)
102,484,120,484,120,500,102,500,1
833,484,858,484,858,504,833,504,30
720,484,764,484,764,501,720,501,Viên
146,508,220,508,220,528,146,528,1/2 v 8h
143,529,476,529,476,553,143,553,Vaspycar MR - 35mg (Trimetazidin)
109,529,119,529,119,546,109,546,2
836,529,862,529,862,549,836,549,60
721,529,764,529,764,546,721,546,Viên
147,556,200,556,200,575,147,575,Lv Sh
144,579,355,579,355,599,144,599,Zondoril 10 (Enalapril)
103,579,113,579,113,595,103,595,3
837,579,863,579,863,599,837,599,60
723,579,767,579,767,596,723,596,Viên
140,603,195,603,195,623,140,623,1v 8h
71,631,238,631,238,652,71,652,Cộng khoản: 3 loại
67,659,539,659,539,685,67,685,Lưu ý: Khám lại khi thấy bất thường và khi hết thuốc. nha
630,692,884,692,884,713,630,713,Ngày 14 tháng 10 năm 2021
115,713,189,713,189,735,115,735,Kế toán
457,713,565,713,565,735,457,735,Người bệnh
287,713,367,713,367,730,287,730,Thủ kho
700,713,816,713,816,730,700,730,Bác sĩ khám
420,744,607,744,607,767,420,767,(Ký và ghi rõ họ, tên)
660,744,855,744,855,767,660,767,(Ký và ghi rõ họ, tên)
438,775,617,775,617,830,438,830,D.Vux
93,792,115,792,115,812,93,812,L
740,836,788,836,788,860,740,860,Xwv
498,836,656,836,656,918,498,918,ryocking
423,852,499,852,499,899,423,899,Das
706,894,812,894,812,915,706,915,Lê Thị Xuân
