541,40,575,40,575,53,541,53,HOLS
1,40,341,40,341,81,1,81,BỆNH VIỆN ĐA KHOA TÍNH THANH HÓA
604,69,795,69,795,87,604,87,MU BN:2101014640
15,86,282,86,282,120,15,120,BỆNH VIỆN THỊ THỊ THU
603,94,745,94,745,117,603,117,Số: 211001967
355,127,545,127,545,144,355,144,Mã hồ sơ: 21101403811
603,127,826,127,826,150,603,150,Kho:110-Kho Ngoại trúc
12,127,291,127,291,157,12,157,10. ĐÃ ĐĂNG KÝ
262,165,633,165,633,196,262,196,ĐƠN THUỐC BẢO HIẾM
730,165,886,165,886,197,730,197,KKB.43297
17,205,259,205,259,231,17,231,Họ tên: PHẠM ĐỨC GIA
625,205,714,205,714,229,625,229,Tuổi: 77
146,236,292,236,292,260,146,260,Bảo Hiểm Y Tến
18,236,116,236,116,258,18,258,Đối tượng:
626,236,702,236,702,255,626,255,SĐT: 0
13,267,323,267,323,291,13,291,Số thẻ BHYT: HT33838213408910
506,267,749,267,749,285,506,285,Nơi ĐK KCB BĐ: 38247
14,293,566,293,566,316,14,316,Và Địa chỉ: Vĩnh Phúc, Vĩnh Lộc, Tỉnh Thanh Hóa, Việt Nam Nam
12,321,867,321,867,352,12,352,Chấn đoán: 125.5 - Bệnh cơ tim do thiếu máu cục bộ /E78 - Rối loạn chuyển hóa lipoprotein the trinh
120,352,861,352,861,382,120,382,và tỉnh trạng tăng lipid máu khác;110 - Bệnh lý tăng huyết áp;120 - Cơn đau thất
117,382,823,382,823,417,117,417,ngực; K21 - Bệnh trào ngược dạ dày - thực quản / cơn đau thắt ngực ổn định
13,417,239,417,239,443,13,443,Phòng: Phòng khám 2199
24,444,67,444,67,462,24,462,STT
256,444,480,444,480,470,256,470,Tên thuốc - Cách dùng
687,444,737,444,737,461,687,461,ĐVT
780,444,870,444,870,469,780,469,Số lượng
79,488,371,488,371,514,79,514,Aspirin 100--01m0 (Aspirin)
33,488,50,488,50,505,33,505,1
694,488,728,488,728,506,694,506,Gói
811,504,839,504,839,525,811,525,60
82,515,272,515,272,538,82,538,1 gói sau ăn no sáng
77,539,447,539,447,566,77,566,Fasthan 20mg (Pravastatin natri 20mg)
37,539,48,539,48,556,37,556,2
690,555,736,555,736,574,690,574,Viên
813,555,840,555,840,576,813,576,60
77,566,148,566,148,589,77,589,1 2 vo hong 10 10 10 10 10 10 10 10 10 10 10 10 10 10 10 10 10 10 10 10 10 10 10 10 10 10 10 10 10 10 10 10 10 10 10 10 10 10 10 
72,589,327,589,327,615,72,615,Rabepagi 10 (Rabeprazol)
32,589,44,589,44,607,32,607,3
691,605,736,605,736,623,691,623,Viên
813,605,842,605,842,627,813,627,60
77,615,154,615,154,637,77,637,1 2 VO H
69,637,427,637,427,664,69,664,Vaspycar MR - 35mg (Trimetazidin)
32,637,44,637,44,654,32,654,4
690,653,737,653,737,671,690,671,Viên
814,653,843,653,843,675,814,675,60
68,664,126,664,126,688,68,688,lv 8h
4,689,171,689,171,713,4,713,Cộng khoán: 4 loại
4,721,495,721,495,751,4,751,Lưu ý: Khám lại khi thấy bất thường và khi chuốc.
587,764,862,764,862,789,587,789,Ngày 14 tháng 10 năm 2021
39,783,117,783,117,807,39,807,Kế toán
219,783,305,783,305,802,219,802,Thủ kho
404,783,520,783,520,807,404,807,Người bệnh
662,793,789,793,789,814,662,814,Bác sĩ khám
365,818,565,818,565,843,365,843,(Ký và ghi rõ họ, tên)
621,818,831,818,831,845,621,845,(Kỷ và ghi rõ họ, tên)
316,923,555,923,555,1035,316,1035,Viên thiết chiến thu thu thu thu thu thu thu thu thu thu thu thuong
473,1035,481,1035,481,1041,473,1041,IN
666,986,780,986,780,1008,666,1008,Là Thị Xuân
