14,20,376,20,376,50,14,50,BỆNH VIỆN ĐẠ KHOA TÍNH HÓA NHAN
624,20,826,20,826,38,624,38,Mã BN: 2106015394
46,48,264,48,264,74,46,74,SỞ Y TẾ THÀNH HÓA
628,48,772,48,772,68,628,68,Số: 211001963
5,80,286,80,286,106,5,106,BỆNH VIỆN ĐA KHOA TÍNH
624,80,859,80,859,103,624,103,Kho: 110-Kho Ngoại trúc
363,109,576,109,576,132,363,132,Mà hồ sơ: 2110140080
23,109,329,109,329,143,23,143,08.ĐÃ ĐĂNG KÝ
792,136,957,136,957,167,792,167,KKB.43284
738,136,779,136,779,152,738,152,STT:
380,136,567,136,567,165,380,165,ĐƠN THUỐC
762,183,913,183,913,201,762,201,Năm sinh: 1942
588,183,725,183,725,202,588,202,Giới tính:Nam
7,183,290,183,290,210,7,210,Họ tên: NGUYỄN XUÂN TỌA
583,215,731,215,731,241,583,241,Số điện thoại: 0
7,215,297,215,297,240,7,240,Đối tượng KCB:Bảo Hiểm Y Tế
4,249,700,249,700,279,4,279,Địa chỉ: Tổ 12, Đông Vệ, Thành phố Thanh Hóa, Tỉnh Thanh Hóa, Việt Nam
477,280,714,280,714,299,477,299,Nơi ĐK KCB BĐ: 382800
4,280,308,280,308,300,4,300,Số thẻ BHYT:HT22222244460
3,304,953,304,953,335,3,335,Chấn đoán: + N39.0-Nhiễm khuẩn hệ tiết niệu, vị trí không xác định/ E11-Bệnh đái tháo đường không
100,335,955,335,955,370,100,370,phụ thuộc insuline/ H01.0-Viêm bờ mi/ K73-Viêm gan măn, không phân loại nơi khác/ K80
103,370,443,370,443,397,103,397,Sói mật/ N40-Tăng sản tuyến tiền liệt
109,397,301,397,301,417,109,417,- H01.0-Viêm bờ minh
3,417,129,417,129,442,3,442,Thuốc điều trị:
472,417,767,417,767,445,472,445,Lý do xuất: Xuất BH ngoại trúng
11,453,42,453,42,471,11,471,TT
142,453,373,453,373,480,142,480,Tên thuốc - Hàm lượng
502,453,550,453,550,471,502,471,ĐVT
616,453,645,453,645,471,616,471,SL
766,453,882,453,882,478,766,478,Cách dùng
20,492,183,492,183,514,20,514,Phòng khám 1020
685,531,940,531,940,553,685,553,Ngày uông 1 viên - sau ăn
14,531,25,531,25,545,14,545,L
47,531,360,531,360,553,47,553,Alsiful S.R. Tablets 10mg - 10mg
505,531,549,531,549,549,505,549,Viên
616,531,640,531,640,548,616,548,30
683,553,716,553,716,579,683,579,tối
682,579,940,579,940,607,682,607,Uống ngày 2 viên, chia 2,
11,579,23,579,23,596,11,596,2
45,579,343,579,343,605,45,605,Ciprofloxacin - 500mg - 500mg
503,579,547,579,547,597,503,597,Viên
618,579,641,579,641,596,618,596,20
683,611,750,611,750,632,683,632,sau ăn
11,629,176,629,176,650,11,650,Phòng khám 317
8,668,18,668,18,681,8,681,3
35,668,333,668,333,691,35,691,Natri clorid 0,9% 0,9%; 10ml
511,668,537,668,537,689,511,689,Lọ
618,668,641,668,641,686,618,686,05
683,668,822,668,822,694,683,694,ngày giỏ 5 lần
36,700,410,700,410,723,36,723,Tearbalance ophthalmic solution 0.1% - 19
6,700,14,700,14,711,6,711,a
510,716,535,716,535,738,510,738,Lọ
618,716,639,716,639,734,618,734,01
686,716,824,716,824,741,686,741,ngày giỏ 5 lần
44,724,218,724,218,745,44,745,lmg/mL - mm//LL
36,753,445,753,445,779,36,779,Tobradex - 3mg/1ml + 1mg/1ml - 3mg/lmle
7,753,14,753,14,767,7,767,S
510,753,536,753,536,775,510,775,Lọ
619,771,640,771,640,789,619,789,01
685,771,825,771,825,798,685,798,ngày giỏ 5 lần
37,779,143,779,143,802,37,802,+ mm//ml
0,802,496,802,496,829,0,829,thi dặn (Chế độ ăn uống và chế độ sinh hoạt làm việc):
1,837,286,837,286,861,1,861,thi khám lại mang theo đơn này.
651,882,929,882,929,907,651,907,Ngày 14 tháng 10 năm 2021
41,898,116,898,116,921,41,921,Kế toán
228,898,315,898,315,917,228,917,Thủ khoa
435,898,541,898,541,922,435,922,Bệnh nhân
704,913,889,913,889,937,704,937,Bác sĩ khám bệnh
389,937,590,937,590,963,389,963,(Ký và ghi rõ họ, tên)
693,937,902,937,902,962,693,962,(Ký và ghi rõ họ, tên)
461,1004,526,1004,526,1062,461,1062,Jool
331,1112,954,1112,954,1198,331,1198,Chui, phon Tháng BSCKI Nguyễn Tiến D
