341,2354,1331,2368,1331,2414,341,2400,
1467,1557,1675,1557,1675,1595,1467,1595,
1400,1301,1743,1307,1742,1352,1399,1346,
977,1296,1315,1302,1314,1347,976,1341,
1468,1253,1675,1256,1674,1294,1467,1291,
1040,1239,1250,1246,1248,1299,1039,1293,
735,1239,884,1246,882,1291,733,1285,
443,1234,579,1241,577,1286,441,1279,
1342,1202,1795,1208,1794,1254,1342,1248,
352,1133,1197,1136,1197,1192,352,1189,
360,1088,660,1088,660,1131,360,1131,
485,1040,824,1040,824,1083,485,1083,
1718,1024,1773,1024,1773,1069,1718,1069,
1514,1021,1601,1021,1601,1069,1514,1069,
406,1016,439,1016,439,1056,406,1056,
491,997,862,1000,862,1037,491,1035,
491,955,1124,960,1123,1003,491,997,
1710,941,1781,941,1781,984,1710,984,
1516,932,1600,940,1595,985,1512,978,
412,931,442,931,442,976,412,976,
491,915,1328,917,1328,955,491,952,
494,875,976,875,976,909,494,909,
1713,856,1770,856,1770,901,1713,901,
1511,851,1601,851,1601,899,1511,899,
412,848,445,848,445,888,412,888,
486,827,1165,832,1164,875,485,869,
1667,767,1823,780,1819,828,1662,815,
1508,773,1601,773,1601,813,1508,813,
783,762,1165,771,1164,819,782,810,
382,760,469,760,469,811,382,811,
366,682,764,691,763,744,365,736,
562,659,619,659,619,691,562,691,
177,645,199,645,199,669,177,669,
369,600,1792,613,1791,670,368,656,
166,589,199,589,199,624,166,624,
371,554,1735,568,1734,619,371,605,
164,531,196,531,196,573,164,573,
1200,520,1612,520,1612,563,1200,563,
374,506,914,515,913,560,373,552,
161,477,194,477,194,517,161,517,
1399,469,1538,469,1538,515,1399,515,
595,469,845,469,845,507,595,507,
375,458,614,470,612,513,373,501,
1399,421,1552,421,1552,467,1399,467,
158,424,194,424,194,464,158,464,
377,408,914,416,913,462,376,453,
1565,355,1835,355,1835,408,1565,408,
791,355,1415,352,1416,405,791,408,
387,293,897,293,897,347,387,347,
1358,285,1743,288,1743,333,1358,331,
1205,296,1255,296,1255,315,1205,315,
1366,237,1606,237,1606,275,1366,275,
139,235,172,235,172,253,139,253,
371,208,873,214,872,275,371,269,
608,200,665,200,665,219,608,219,
1364,184,1688,184,1688,227,1364,227,
319,144,960,149,960,195,319,189,
172,144,188,144,188,165,172,165,
1383,83,1604,83,1604,139,1383,139,