125,2416,1164,2411,1165,2464,126,2469,
1184,1381,1443,1381,1443,1419,1184,1419,
1263,1256,1421,1256,1421,1323,1263,1323,
720,1133,1053,1133,1053,1179,720,1179,
1143,1131,1481,1131,1481,1173,1143,1173,
483,1085,627,1085,627,1123,483,1123,
185,1083,325,1083,325,1128,185,1128,
1211,1083,1415,1083,1415,1117,1211,1117,
785,1083,989,1077,990,1122,786,1128,
1085,1035,1530,1032,1530,1077,1086,1080,
98,982,940,970,941,1024,99,1035,
104,933,406,933,406,976,104,976,
229,885,365,885,365,923,229,923,
150,867,183,867,183,901,150,901,
1227,851,1366,851,1366,896,1227,896,
1456,851,1514,851,1514,896,1456,896,
226,835,941,832,941,877,226,880,
1703,767,1765,779,1747,867,1685,855,
526,776,908,776,908,819,526,819,
123,776,207,776,207,824,123,824,
1252,771,1342,771,1342,811,1252,811,
1405,759,1561,772,1557,820,1401,807,
112,704,502,704,502,749,112,749,
292,661,1077,656,1077,701,292,707,
112,619,1497,605,1497,651,112,664,
114,571,1407,557,1407,603,115,616,
114,526,651,514,652,557,115,568,
938,515,1350,509,1350,552,939,558,
120,483,289,483,289,517,120,517,
335,472,581,472,581,509,335,509,
1137,467,1462,464,1462,501,1137,504,
114,427,654,416,655,461,115,472,
1137,416,1287,416,1287,453,1137,453,
526,355,1153,349,1154,403,527,408,
1304,352,1568,352,1568,397,1304,397,
1685,312,1874,312,1874,421,1685,421,
130,294,598,277,601,346,133,363,
1099,288,1475,288,1475,331,1099,331,
695,296,731,296,731,315,695,315,
911,291,1001,291,1001,317,911,317,
1102,240,1336,240,1336,277,1102,277,
150,235,537,226,538,277,151,286,
207,197,507,197,507,232,207,232,
1102,192,1413,192,1413,227,1102,227,
163,155,668,146,669,197,164,206,
243,3,346,3,346,32,243,32,