1455,2120,1683,2126,1682,2179,1453,2173,
912,2060,1384,2020,1398,2175,926,2215,
932,1870,1205,1848,1217,1994,944,2017,
211,1852,342,1868,323,2012,193,1996,
1358,1803,1759,1803,1759,1856,1358,1856,
851,1803,1249,1797,1249,1850,851,1856,
933,1739,1167,1739,1167,1792,933,1792,
1433,1733,1680,1739,1679,1787,1431,1781,
565,1736,742,1736,742,1789,565,1789,
204,1729,377,1722,380,1789,206,1795,
1293,1685,1814,1685,1814,1731,1293,1731,
106,1614,1112,1602,1113,1664,107,1675,
114,1552,474,1549,475,1597,115,1600,
259,1488,374,1488,374,1536,259,1536,
1481,1455,1583,1462,1579,1513,1477,1506,
175,1464,207,1464,207,1515,175,1515,
1715,1456,1778,1456,1778,1512,1715,1512,
267,1435,968,1435,968,1488,267,1488,
270,1384,458,1384,458,1429,270,1429,
1481,1363,1571,1363,1571,1403,1481,1403,
177,1365,213,1365,213,1411,177,1411,
1710,1355,1773,1355,1773,1411,1710,1411,
267,1331,769,1333,769,1387,267,1384,
275,1285,526,1282,527,1328,276,1331,
273,1235,764,1235,764,1280,273,1280,
1473,1226,1572,1233,1568,1281,1469,1274,
183,1237,218,1237,218,1280,183,1280,
1705,1229,1767,1229,1767,1285,1705,1285,
278,1184,1230,1181,1230,1227,278,1229,
281,1139,415,1139,415,1176,281,1176,
1699,1107,1765,1107,1765,1160,1699,1160,
1470,1107,1568,1107,1568,1155,1470,1155,
185,1109,221,1109,221,1155,185,1155,
276,1083,998,1088,998,1133,275,1128,
278,1035,742,1037,742,1083,278,1080,
1478,1008,1557,1008,1557,1059,1478,1059,
1696,1005,1762,1005,1762,1061,1696,1061,
185,1011,221,1011,221,1053,185,1053,
276,981,851,984,851,1037,275,1035,
625,909,1069,918,1068,971,624,962,
1640,903,1821,919,1815,978,1635,961,
1458,915,1566,908,1569,959,1461,966,
150,907,254,907,254,965,150,965,
132,816,600,824,599,886,130,877,
355,776,1732,781,1732,835,354,829,
357,725,1792,731,1792,781,357,776,
137,669,1800,680,1800,733,136,723,
134,616,1566,624,1565,677,134,669,
1102,568,1571,571,1571,616,1102,613,
140,557,767,566,766,611,139,602,
1328,515,1699,517,1699,563,1328,560,
132,493,699,502,698,563,131,554,
1328,453,1508,453,1508,507,1328,507,
135,429,628,440,626,502,133,490,
1523,378,1819,384,1818,438,1521,432,
630,373,1347,376,1347,437,630,435,
1283,298,1719,307,1717,360,1281,352,
985,309,1178,309,1178,336,985,336,
808,296,980,302,978,339,807,333,
1290,240,1563,240,1563,285,1290,285,
100,207,677,225,675,297,97,279,
1287,184,1653,184,1653,227,1287,227,
129,112,660,123,659,187,128,176,
38,96,125,96,125,133,38,133,
61,56,396,64,395,110,60,101,