665,954,836,959,835,991,664,986,
757,917,775,917,775,935,757,935,
429,881,633,871,637,946,433,956,
728,849,836,859,831,912,723,903,
431,847,502,847,502,881,431,881,
643,793,857,798,856,826,642,821,
380,793,584,793,584,820,380,820,
684,764,814,767,814,790,683,787,
423,763,543,763,543,789,423,789,
231,760,322,763,321,787,230,784,
46,759,131,759,131,787,46,787,
607,733,891,737,890,764,607,760,
3,697,514,697,514,724,3,724,
1,665,185,665,185,692,1,692,
73,632,401,636,401,663,72,659,
712,621,764,621,764,647,712,647,
840,620,874,620,874,649,840,649,
29,623,46,623,46,644,29,644,
79,609,593,609,593,632,79,632,
79,585,241,585,241,607,79,607,
48,576,55,576,55,583,48,583,
712,569,764,569,764,593,712,593,
33,571,50,571,50,592,33,592,
839,567,873,567,873,595,839,595,
76,555,461,557,461,584,76,581,
82,533,376,533,376,556,82,556,
712,514,764,518,762,543,710,539,
35,520,52,520,52,537,35,537,
838,512,873,515,871,543,835,540,
82,505,492,507,492,529,82,528,
265,465,497,469,496,498,264,493,
20,469,70,469,70,493,20,493,
708,467,766,467,766,491,708,491,
804,458,907,463,906,495,803,490,
12,421,248,423,248,449,12,448,
124,396,851,389,851,424,124,431,
11,371,868,360,869,395,11,405,
16,344,866,331,866,360,17,373,
18,316,338,311,338,333,18,339,
518,309,772,304,772,327,519,332,
20,288,127,288,127,311,20,311,
147,281,300,278,300,305,148,308,
639,274,845,269,846,296,640,300,
17,256,221,248,223,276,19,284,
642,240,736,240,736,268,642,268,
268,210,648,198,649,230,269,242,
749,196,914,196,914,228,749,228,
15,168,306,162,307,193,15,199,
357,164,560,158,561,184,358,190,
618,156,855,153,855,180,618,183,
36,151,290,140,291,162,37,174,
619,124,769,121,769,145,619,148,
31,115,298,108,299,138,32,146,
619,92,819,86,820,109,620,115,
5,76,351,70,352,103,6,108,
491,19,609,0,619,51,500,71,