1415,1856,1623,1856,1623,1893,1415,1893,
773,1793,1289,1772,1294,1889,778,1911,
1004,1653,1102,1653,1102,1749,1004,1749,
1339,1592,1686,1595,1685,1640,1339,1637,
914,1589,1255,1592,1254,1637,913,1635,
1408,1538,1618,1544,1616,1584,1407,1578,
979,1539,1183,1536,1184,1584,980,1587,
670,1533,822,1539,820,1585,667,1578,
375,1527,514,1534,511,1582,373,1575,
1282,1493,1735,1496,1734,1541,1282,1539,
292,1432,1135,1435,1134,1480,292,1477,
295,1379,600,1381,600,1427,294,1424,
415,1336,761,1336,761,1371,415,1371,
1655,1315,1710,1315,1710,1360,1655,1360,
1451,1312,1541,1312,1541,1360,1451,1360,
341,1315,376,1315,376,1352,341,1352,
423,1291,796,1293,796,1331,423,1328,
426,1251,1050,1253,1050,1291,425,1288,
1647,1232,1718,1232,1718,1275,1647,1275,
1451,1223,1542,1231,1538,1278,1447,1271,
344,1227,376,1227,376,1267,344,1267,
426,1203,1268,1208,1268,1251,425,1245,
431,1168,905,1168,905,1203,431,1203,
1655,1144,1710,1144,1710,1189,1655,1189,
1451,1141,1541,1141,1541,1189,1451,1189,
346,1144,379,1144,379,1179,346,1179,
423,1120,1099,1123,1099,1160,423,1157,
1600,1052,1766,1062,1762,1116,1597,1106,
1445,1059,1544,1059,1544,1107,1445,1107,
718,1056,1105,1062,1104,1107,717,1101,
319,1059,398,1059,398,1099,319,1099,
300,979,698,981,698,1027,300,1024,
494,944,900,944,900,987,494,987,
303,893,1729,901,1729,947,303,939,
300,843,1705,848,1704,901,300,896,
1135,803,1549,805,1549,843,1134,840,
305,803,843,803,843,837,305,837,
1337,755,1664,757,1663,795,1336,792,
302,743,481,753,478,798,299,789,
523,747,782,744,783,789,524,792,
1339,701,1495,701,1495,747,1339,747,
303,699,712,696,712,741,303,744,
1511,635,1775,635,1775,688,1511,688,
726,627,1358,629,1358,691,725,688,
1301,568,1683,574,1682,616,1301,610,
1036,573,1208,573,1208,600,1036,600,
897,571,1023,571,1023,597,897,597,
1302,512,1549,518,1548,560,1301,554,
286,513,800,495,803,559,288,577,
1304,464,1623,470,1622,507,1303,501,
346,427,777,427,777,472,346,472,
221,357,870,355,870,408,221,411,
147,247,367,262,363,308,143,292,
81,130,718,155,716,209,78,183,